# x, M, P, T, rho
0.0, 0.23899530318134987, 809938.0657461835, 494.35263855659724, 5.708645271954111
0.0013556999999999998, 0.23899530318134987, 809938.0657461835, 494.35263855659724, 5.708645271954111
0.0027113999999999997, 0.23899530318134987, 809938.0657461835, 494.35263855659724, 5.708645271954111
0.0040671, 0.23899530318134987, 809938.0657461835, 494.35263855659724, 5.708645271954111
0.005422799999999999, 0.23899530318134987, 809938.0657461835, 494.35263855659724, 5.708645271954111
0.006778499999999999, 0.23899530318134987, 809938.0657461835, 494.35263855659724, 5.708645271954111
0.0081342, 0.23899530318134987, 809938.0657461835, 494.35263855659724, 5.708645271954111
0.009489899999999999, 0.23899530318134987, 809938.0657461835, 494.35263855659724, 5.708645271954111
0.010845599999999999, 0.23899530318134987, 809938.0657461835, 494.35263855659724, 5.708645271954111
0.012201299999999998, 0.23899530318134987, 809938.0657461835, 494.35263855659724, 5.708645271954111
0.013556999999999998, 0.23899530318134987, 809938.0657461835, 494.35263855659724, 5.708645271954111
0.014912699999999997, 0.23899530318134987, 809938.0657461835, 494.35263855659724, 5.708645271954111
0.0162684, 0.23899530318134987, 809938.0657461835, 494.35263855659724, 5.708645271954111
0.017624099999999997, 0.23899530318134987, 809938.0657461835, 494.35263855659724, 5.708645271954111
0.018979799999999998, 0.23899530318134987, 809938.0657461835, 494.35263855659724, 5.708645271954111
0.020335499999999996, 0.23899530318134987, 809938.0657461835, 494.35263855659724, 5.708645271954111
0.021691199999999997, 0.23899530318134987, 809938.0657461835, 494.35263855659724, 5.708645271954111
0.0230469, 0.23899530318134987, 809938.0657461835, 494.35263855659724, 5.708645271954111
0.024402599999999997, 0.23899530318134987, 809938.0657461835, 494.35263855659724, 5.708645271954111
0.025758299999999998, 0.23899530318134987, 809938.0657461835, 494.35263855659724, 5.708645271954111
0.027113999999999996, 0.23899530318134987, 809938.0657461835, 494.35263855659724, 5.708645271954111
0.028469699999999997, 0.23899530318134987, 809938.0657461835, 494.35263855659724, 5.708645271954111
0.029825399999999995, 0.23899530318134987, 809938.0657461835, 494.35263855659724, 5.708645271954111
0.031181099999999996, 0.23899530318134987, 809938.0657461835, 494.35263855659724, 5.708645271954111
0.0325368, 0.23899530318134987, 809938.0657461835, 494.35263855659724, 5.708645271954111
0.0338925, 0.23899530318134987, 809938.0657461835, 494.35263855659724, 5.708645271954111
0.03524819999999999, 0.23899530318134987, 809938.0657461835, 494.35263855659724, 5.708645271954111
0.036603899999999995, 0.23899530318134987, 809938.0657461835, 494.35263855659724, 5.708645271954111
0.037959599999999996, 0.23899530318134987, 809938.0657461835, 494.35263855659724, 5.708645271954111
0.0393153, 0.23899530318134987, 809938.0657461835, 494.35263855659724, 5.708645271954111
0.04067099999999999, 0.23899530318134987, 809938.0657461835, 494.35263855659724, 5.708645271954111
0.04202669999999999, 0.23899530318134987, 809938.0657461835, 494.35263855659724, 5.708645271954111
0.043382399999999995, 0.23899530318134987, 809938.0657461835, 494.35263855659724, 5.708645271954111
0.044738099999999996, 0.23899530318134987, 809938.0657461835, 494.35263855659724, 5.708645271954111
0.0460938, 0.23899530318134987, 809938.0657461835, 494.35263855659724, 5.708645271954111
0.04744949999999999, 0.23899530318134987, 809938.0657461835, 494.35263855659724, 5.708645271954111
0.04880519999999999, 0.23899530318134987, 809938.0657461835, 494.35263855659724, 5.708645271954111
0.050160899999999994, 0.23899530318134987, 809938.0657461835, 494.35263855659724, 5.708645271954111
0.051516599999999996, 0.23899530318134987, 809938.0657461835, 494.35263855659724, 5.708645271954111
0.05287229999999999, 0.23899530318134987, 809938.0657461835, 494.35263855659724, 5.708645271954111
0.05422799999999999, 0.23899530318134987, 809938.0657461835, 494.35263855659724, 5.708645271954111
0.05558369999999999, 0.23899530318134987, 809938.0657461835, 494.35263855659724, 5.708645271954111
0.056939399999999994, 0.23899530318134987, 809938.0657461835, 494.35263855659724, 5.708645271954111
0.058295099999999996, 0.23899530318134987, 809938.0657461835, 494.35263855659724, 5.708645271954111
0.05965079999999999, 0.23899530318134987, 809938.0657461835, 494.35263855659724, 5.708645271954111
0.06100649999999999, 0.23899530318134987, 809938.0657461835, 494.35263855659724, 5.708645271954111
0.06236219999999999, 0.23899530318134987, 809938.0657461835, 494.35263855659724, 5.708645271954111
0.0637179, 0.23899530318134987, 809938.0657461835, 494.35263855659724, 5.708645271954111
0.0650736, 0.23899530318134987, 809938.0657461835, 494.35263855659724, 5.708645271954111
0.0664293, 0.23899530318134987, 809938.0657461835, 494.35263855659724, 5.708645271954111
0.067785, 0.23899530318134987, 809938.0657461835, 494.35263855659724, 5.708645271954111
0.06914069999999999, 0.23899530318134987, 809938.0657461835, 494.35263855659724, 5.708645271954111
0.07049639999999999, 0.23899530318134987, 809938.0657461835, 494.35263855659724, 5.708645271954111
0.07185209999999999, 0.23899530318134987, 809938.0657461835, 494.35263855659724, 5.708645271954111
0.07320779999999999, 0.23899530318134987, 809938.0657461835, 494.35263855659724, 5.708645271954111
0.07456349999999999, 0.23899530318134987, 809938.0657461835, 494.35263855659724, 5.708645271954111
0.07591919999999999, 0.23899530318134987, 809938.0657461835, 494.35263855659724, 5.708645271954111
0.0772749, 0.23899530318134987, 809938.0657461835, 494.35263855659724, 5.708645271954111
0.0786306, 0.23899530318134987, 809938.0657461835, 494.35263855659724, 5.708645271954111
0.0799863, 0.23899530318134987, 809938.0657461835, 494.35263855659724, 5.708645271954111
0.08134199999999998, 0.23899530318134987, 809938.0657461835, 494.35263855659724, 5.708645271954111
0.08269769999999999, 0.23899530318134987, 809938.0657461835, 494.35263855659724, 5.708645271954111
0.08405339999999999, 0.23899530318134987, 809938.0657461835, 494.35263855659724, 5.708645271954111
0.08540909999999999, 0.23899530318134987, 809938.0657461835, 494.35263855659724, 5.708645271954111
0.08676479999999999, 0.23899530318134987, 809938.0657461835, 494.35263855659724, 5.708645271954111
0.08812049999999999, 0.23899530318134987, 809938.0657461835, 494.35263855659724, 5.708645271954111
0.08947619999999999, 0.23899530318134987, 809938.0657461835, 494.35263855659724, 5.708645271954111
0.0908319, 0.23899530318134987, 809938.0657461835, 494.35263855659724, 5.708645271954111
0.0921876, 0.23899530318134987, 809938.0657461835, 494.35263855659724, 5.708645271954111
0.09354329999999998, 0.23899530318134987, 809938.0657461835, 494.35263855659724, 5.708645271954111
0.09489899999999998, 0.23899530318134987, 809938.0657461835, 494.35263855659724, 5.708645271954111
0.09625469999999998, 0.23899530318134987, 809938.0657461835, 494.35263855659724, 5.708645271954111
0.09761039999999999, 0.23899530318134987, 809938.0657461835, 494.35263855659724, 5.708645271954111
0.09896609999999999, 0.23899530318134987, 809938.0657461835, 494.35263855659724, 5.708645271954111
0.10032179999999999, 0.23899530318134987, 809938.0657461835, 494.35263855659724, 5.708645271954111
0.10167749999999999, 0.23899530318134987, 809938.0657461835, 494.35263855659724, 5.708645271954111
0.10303319999999999, 0.23899530318134987, 809938.0657461835, 494.35263855659724, 5.708645271954111
0.10438889999999999, 0.23899530318134987, 809938.0657461835, 494.35263855659724, 5.708645271954111
0.10574459999999998, 0.23899530318134987, 809938.0657461835, 494.35263855659724, 5.708645271954111
0.10710029999999998, 0.23899530318134987, 809938.0657461835, 494.35263855659724, 5.708645271954111
0.10845599999999998, 0.23899530318134987, 809938.0657461835, 494.35263855659724, 5.708645271954111
0.10981169999999998, 0.23899530318134987, 809938.0657461835, 494.35263855659724, 5.708645271954111
0.11116739999999999, 0.23899530318134987, 809938.0657461835, 494.35263855659724, 5.708645271954111
0.11252309999999999, 0.23899530318134987, 809938.0657461835, 494.35263855659724, 5.708645271954111
0.11387879999999999, 0.23899530318134987, 809938.0657461835, 494.35263855659724, 5.708645271954111
0.11523449999999999, 0.23899530318134987, 809938.0657461835, 494.35263855659724, 5.708645271954111
0.11659019999999999, 0.23899530318134987, 809938.0657461835, 494.35263855659724, 5.708645271954111
0.11794589999999998, 0.23899530318134987, 809938.0657461835, 494.35263855659724, 5.708645271954111
0.11930159999999998, 0.23899530318134987, 809938.0657461835, 494.35263855659724, 5.708645271954111
0.12065729999999998, 0.23899530318134987, 809938.0657461835, 494.35263855659724, 5.708645271954111
0.12201299999999998, 0.23899530318134987, 809938.0657461835, 494.35263855659724, 5.708645271954111
0.12336869999999998, 0.23899530318134987, 809938.0657461835, 494.35263855659724, 5.708645271954111
0.12472439999999999, 0.23899530318134987, 809938.0657461835, 494.35263855659724, 5.708645271954111
0.12608009999999997, 0.23899530318134987, 809938.0657461835, 494.35263855659724, 5.708645271954111
0.1274358, 0.23899530318134987, 809938.0657461835, 494.35263855659724, 5.708645271954111
0.12879149999999998, 0.23899530318134987, 809938.0657461835, 494.35263855659724, 5.708645271954111
0.1301472, 0.23899530318134987, 809938.0657461835, 494.35263855659724, 5.708645271954111
0.13150289999999998, 0.23899530318134987, 809938.0657461835, 494.35263855659724, 5.708645271954111
0.1328586, 0.23899530318134987, 809938.0657461835, 494.35263855659724, 5.708645271954111
0.13421429999999998, 0.23899530318134987, 809938.0657461835, 494.35263855659724, 5.708645271954111
0.13557, 0.23899530318134987, 809938.0657461835, 494.35263855659724, 5.708645271954111
0.13692569999999998, 0.23899530318134987, 809938.0657461835, 494.35263855659724, 5.708645271954111
0.13828139999999997, 0.23899530318134987, 809938.0657461835, 494.35263855659724, 5.708645271954111
0.1396371, 0.23899530318134987, 809938.0657461835, 494.35263855659724, 5.708645271954111
0.14099279999999997, 0.23899530318134987, 809938.0657461835, 494.35263855659724, 5.708645271954111
0.1423485, 0.23899530318134987, 809938.0657461835, 494.35263855659724, 5.708645271954111
0.14370419999999998, 0.23899530318134987, 809938.0657461835, 494.35263855659724, 5.708645271954111
0.1450599, 0.23899530318134987, 809938.0657461835, 494.35263855659724, 5.708645271954111
0.14641559999999998, 0.23899530318134987, 809938.0657461835, 494.35263855659724, 5.708645271954111
0.1477713, 0.23899530318134987, 809938.0657461835, 494.35263855659724, 5.708645271954111
0.14912699999999998, 0.23899530318134987, 809938.0657461835, 494.35263855659724, 5.708645271954111
0.15048269999999997, 0.23899530318134987, 809938.0657461835, 494.35263855659724, 5.708645271954111
0.15183839999999998, 0.23899530318134987, 809938.0657461835, 494.35263855659724, 5.708645271954111
0.15319409999999997, 0.23899530318134987, 809938.0657461835, 494.35263855659724, 5.708645271954111
0.1545498, 0.23899530318134987, 809938.0657461835, 494.35263855659724, 5.708645271954111
0.15590549999999997, 0.23899530318134987, 809938.0657461835, 494.35263855659724, 5.708645271954111
0.1572612, 0.23899530318134987, 809938.0657461835, 494.35263855659724, 5.708645271954111
0.15861689999999998, 0.23899530318134987, 809938.0657461835, 494.35263855659724, 5.708645271954111
0.1599726, 0.23899530318134987, 809938.0657461835, 494.35263855659724, 5.708645271954111
0.16132829999999998, 0.23899530318134987, 809938.0657461835, 494.35263855659724, 5.708645271954111
0.16268399999999997, 0.23899530318134987, 809938.0657461835, 494.35263855659724, 5.708645271954111
0.16403969999999998, 0.23899530318134987, 809938.0657461835, 494.35263855659724, 5.708645271954111
0.16539539999999997, 0.23899530318134987, 809938.0657461835, 494.35263855659724, 5.708645271954111
0.16675109999999999, 0.23899530318134987, 809938.0657461835, 494.35263855659724, 5.708645271954111
0.16810679999999997, 0.23899530318134987, 809938.0657461835, 494.35263855659724, 5.708645271954111
0.1694625, 0.23899530318134987, 809938.0657461835, 494.35263855659724, 5.708645271954111
0.17081819999999998, 0.23899530318134987, 809938.0657461835, 494.35263855659724, 5.708645271954111
0.1721739, 0.23899530318134987, 809938.0657461835, 494.35263855659724, 5.708645271954111
0.17352959999999998, 0.23899530318134987, 809938.0657461835, 494.35263855659724, 5.708645271954111
0.17488529999999997, 0.23899530318134987, 809938.0657461835, 494.35263855659724, 5.708645271954111
0.17624099999999998, 0.23899530318134987, 809938.0657461835, 494.35263855659724, 5.708645271954111
0.17759669999999997, 0.23899530318134987, 809938.0657461835, 494.35263855659724, 5.708645271954111
0.17895239999999998, 0.23899530318134987, 809938.0657461835, 494.35263855659724, 5.708645271954111
0.18030809999999997, 0.23899530318134987, 809938.0657461835, 494.35263855659724, 5.708645271954111
0.1816638, 0.23899530318134987, 809938.0657461835, 494.35263855659724, 5.708645271954111
0.18301949999999997, 0.23899530318134987, 809938.0657461835, 494.35263855659724, 5.708645271954111
0.1843752, 0.23899530318134987, 809938.0657461835, 494.35263855659724, 5.708645271954111
0.18573089999999998, 0.23899530318134987, 809938.0657461835, 494.35263855659724, 5.708645271954111
0.18708659999999996, 0.23899530318134987, 809938.0657461835, 494.35263855659724, 5.708645271954111
0.18844229999999998, 0.23899530318134987, 809938.0657461835, 494.35263855659724, 5.708645271954111
0.18979799999999997, 0.23899530318134987, 809938.0657461835, 494.35263855659724, 5.708645271954111
0.19115369999999998, 0.23899530318134987, 809938.0657461835, 494.35263855659724, 5.708645271954111
0.19250939999999997, 0.23899530318134987, 809938.0657461835, 494.35263855659724, 5.708645271954111
0.19386509999999998, 0.23899530318134987, 809938.0657461835, 494.35263855659724, 5.708645271954111
0.19522079999999997, 0.23899530318134987, 809938.0657461835, 494.35263855659724, 5.708645271954111
0.1965765, 0.23899530318134987, 809938.0657461835, 494.35263855659724, 5.708645271954111
0.19793219999999997, 0.23899530318134987, 809938.0657461835, 494.35263855659724, 5.708645271954111
0.19928789999999996, 0.23899530318134987, 809938.0657461835, 494.35263855659724, 5.708645271954111
0.20064359999999998, 0.2389956001751957, 809937.9861698808, 494.3526246794315, 5.708644871330102
0.20199929999999996, 0.23899816919110964, 809937.2978260245, 494.3525046403664, 5.708641405887447
0.20335499999999998, 0.2390033740383849, 809935.9032153594, 494.3522614364609, 5.708634384767094
0.20471069999999997, 0.2390112151857968, 809933.8021708252, 494.351895038127, 5.708623807122731
0.20606639999999998, 0.23902169333964782, 809930.9944407011, 494.3514054007826, 5.70860967167917
0.20742209999999997, 0.23903480944393918, 809927.479688533, 494.3507924648381, 5.708591976731966
0.20877779999999999, 0.2390505646806015, 809923.2574930382, 494.3500561556791, 5.708570720146937
0.21013349999999997, 0.2390689604697807, 809918.3273479805, 494.3491963836444, 5.708545899359521
0.21148919999999996, 0.2390899984701836, 809912.6886620253, 494.34821304399946, 5.708517511374042
0.21284489999999998, 0.2391136805794819, 809906.3407585665, 494.34710601690546, 5.708485552762827
0.21420059999999996, 0.23914000893477363, 809899.2828755304, 494.3458751673837, 5.708450019665203
0.21555629999999998, 0.23916898591310407, 809891.5141651543, 494.3445203452763, 5.708410907786367
0.21691199999999997, 0.23920061413204516, 809883.0336937396, 494.343041385201, 5.708368212396133
0.21826769999999998, 0.23923489645033358, 809873.8404413795, 494.34143810650266, 5.708321928327536
0.21962339999999997, 0.23927183596856852, 809863.933301662, 494.33971031319965, 5.708272049975323
0.22097909999999998, 0.2393114360299708, 809853.3110813475, 494.3378577939255, 5.708218571294303
0.22233479999999997, 0.23935370022119917, 809841.9725000189, 494.3358803218662, 5.708161485797565
0.22369049999999996, 0.2393986323732292, 809829.916189708, 494.33377765469294, 5.708100786554576
0.22504619999999997, 0.23944623656229344, 809817.1406944952, 494.33154953448945, 5.7080364661891325
0.22640189999999996, 0.23949651711088038, 809803.6444700825, 494.32919568767574, 5.707968516877188
0.22775759999999998, 0.2395494785887985, 809789.4258833383, 494.3267158249258, 5.707896930344525
0.22911329999999996, 0.23960512581430096, 809774.4832118195, 494.3241096410814, 5.707821697864324
0.23046899999999998, 0.23966346385527246, 809758.8146432627, 494.3213768150605, 5.7077428102545635
0.23182469999999997, 0.23972449803048163, 809742.4182750498, 494.31851700976097, 5.707660257875297
0.23318039999999998, 0.239788233910896, 809725.2921136467, 494.3155298719595, 5.707574030625782
0.23453609999999997, 0.2398546773210617, 809707.434074012, 494.31241503220474, 5.707484117941474
0.23589179999999996, 0.23992383434054984, 809688.8419789771, 494.309172104706, 5.707390508790858
0.23724749999999997, 0.23999571130546699, 809669.5135586037, 494.30580068721713, 5.70729319167217
0.23860319999999996, 0.24007031481003435, 809649.4464495019, 494.30230036091353, 5.7071921546099205
0.23995889999999997, 0.24014765170823366, 809628.6381941304, 494.2986706902663, 5.707087385151321
0.24131459999999996, 0.24022772911552087, 809607.0862400568, 494.2949112229087, 5.70697887036251
0.24267029999999998, 0.24031055441061, 809584.787939196, 494.2910214894987, 5.706866596824672
0.24402599999999997, 0.2403961352373276, 809561.7405470118, 494.2870010035752, 5.706750550629956
0.24538169999999998, 0.24048447950653606, 809537.9412216933, 494.2828492614094, 5.706630717377276
0.24673739999999997, 0.24057559539813125, 809513.3870232918, 494.27856574184915, 5.706507082167908
0.24809309999999996, 0.24066949136311153, 809488.0749128374, 494.27414990615944, 5.706379629600977
0.24944879999999997, 0.24076617612572174, 809462.0017514101, 494.26960119785525, 5.7062483437687215
0.2508045, 0.24086565868567147, 809435.1642991892, 494.2649190425294, 5.70611320825164
0.25216019999999995, 0.2409679483204298, 809407.5592144604, 494.26010284767403, 5.705974206113417
0.25351589999999996, 0.24107305458759765, 809379.1830525966, 494.25515200249623, 5.705831319895729
0.2548716, 0.2411809873273585, 809350.0322649978, 494.2500658777268, 5.705684531612834
0.2562273, 0.24129175666500774, 809320.1031979988, 494.24484382542323, 5.705533822745985
0.25758299999999995, 0.2414053730135653, 809289.3920917406, 494.23948517876573, 5.705379174237676
0.25893869999999997, 0.24152184707646815, 809257.8950790048, 494.233989251847, 5.705220566485691
0.2602944, 0.24164118985034913, 809225.6081840125, 494.22835533945516, 5.705057979336969
0.26165009999999994, 0.2417634126278979, 809192.5273211815, 494.22258271684933, 5.704891392081264
0.26300579999999996, 0.24188852700081115, 809158.648293851, 494.2166706395294, 5.704720783444621
0.26436149999999997, 0.24201654486282978, 809123.9667929588, 494.21061834299695, 5.704546131582635
0.2657172, 0.24214747841286638, 809088.4783956861, 494.2044250425103, 5.704367414073521
0.26707289999999995, 0.24228134015822306, 809052.1785640586, 494.19808993283186, 5.704184607910974
0.26842859999999996, 0.242418142917903, 809015.0626435009, 494.19161218796694, 5.703997689496782
0.2697843, 0.24255789982601775, 808977.1258613575, 494.18499096089624, 5.703806634633278
0.27114, 0.2427006243352891, 808938.363325364, 494.17822538329943, 5.703611418515521
0.27249569999999995, 0.2428463302206508, 808898.7700220733, 494.1713145652709, 5.703412015723268
0.27385139999999997, 0.2429950315829508, 808858.340815241, 494.1642575950272, 5.703208400212716
0.2752071, 0.24314674285275542, 808817.0704441606, 494.15705353860665, 5.703000545308002
0.27656279999999994, 0.24330147879425684, 808774.9535219518, 494.1497014395589, 5.7027884236924535
0.27791849999999996, 0.24345925450929004, 808731.9845338031, 494.1422003186276, 5.702572007399612
0.2792742, 0.24362008544145544, 808688.1578351603, 494.13454917342233, 5.702351267803973
0.2806299, 0.24378398738035406, 808643.467649869, 494.12674697808217, 5.702126175611497
0.28198559999999995, 0.24395097646593608, 808597.9080682622, 494.11879268292984, 5.701896700849828
0.28334129999999996, 0.24412106919296503, 808551.473045194, 494.11068521411545, 5.701662812858256
0.284697, 0.2442942824155992, 808504.1563980255, 494.1024234732519, 5.701424480277407
0.28605269999999994, 0.24447063335209457, 808455.9518045442, 494.0940063370379, 5.701181671038619
0.28740839999999995, 0.24465013958963266, 808406.8528008389, 494.085432656873, 5.700934352353071
0.28876409999999997, 0.2448328190892715, 808356.8527791055, 494.07670125845993, 5.700682490700566
0.2901198, 0.24501869019102793, 808305.9449854005, 494.0678109413975, 5.700426051818043
0.29147549999999994, 0.24520777161909119, 808254.1225173287, 494.0587604787615, 5.700165000687756
0.29283119999999996, 0.24540008248717093, 808201.3783216744, 494.04954861667494, 5.699899301525158
0.2941869, 0.2455956423039833, 808147.7051919582, 494.0401740738654, 5.699628917766401
0.2955426, 0.24579447097887927, 808093.0957659397, 494.0306355412115, 5.6993538120555725
0.29689829999999995, 0.24599658882761577, 808037.5425230443, 494.0209316812765, 5.69907394623152
0.29825399999999996, 0.24620201657827614, 807981.0377817241, 494.01106112782924, 5.698789281314362
0.2996097, 0.24641077537734157, 807923.5736967471, 494.00102248535177, 5.69849977749161
0.30096539999999994, 0.2466228867959161, 807865.1422564173, 493.9908143285352, 5.698205394103945
0.30232109999999995, 0.24683837283611376, 807805.7352797098, 493.980435201759, 5.697906089630565
0.30367679999999997, 0.24705725593760489, 807745.3444133429, 493.9698836185595, 5.69760182167419
0.3050325, 0.24727955898433085, 807683.9611287626, 493.9591580610817, 5.697292546945636
0.30638819999999994, 0.24750530531138878, 807621.5767190463, 493.9482569795171, 5.6969782212479645
0.30774389999999996, 0.247734518712093, 807558.1822957287, 493.93717879152604, 5.696658799460225
0.3090996, 0.24796722344521258, 807493.7687855385, 493.92592188164497, 5.696334235520767
0.31045529999999993, 0.24820344424239554, 807428.326927048, 493.9144846006771, 5.69600448241006
0.31181099999999995, 0.24844320631578173, 807361.8472672343, 493.9028652650665, 5.6956694921331055
0.31316669999999996, 0.24868653536580615, 807294.320157947, 493.8910621562558, 5.695329215701339
0.3145224, 0.24893345758920446, 807225.735752282, 493.87907352002594, 5.694983603114053
0.31587809999999994, 0.24918399968721938, 807156.0840008556, 493.8668975658181, 5.6946326033393175
0.31723379999999995, 0.24943818887401678, 807085.3546479796, 493.85453246603697, 5.694276164294387
0.31858949999999997, 0.2496960528853162, 807013.5372277367, 493.84197635533616, 5.693914232825585
0.3199452, 0.2499576199872414, 806940.6210599408, 493.8292273298821, 5.693546754687609
0.32130089999999994, 0.25022291898539634, 806866.5952459987, 493.8162834465997, 5.693173674522326
0.32265659999999996, 0.25049197923417377, 806791.4486646518, 493.8031427223963, 5.692794935836942
0.3240123, 0.25076483064630134, 806715.1699676086, 493.7898031333652, 5.692410480981619
0.32536799999999994, 0.2510415037026325, 806637.7475750499, 493.7762626139656, 5.692020251126432
0.32672369999999995, 0.2513220294621892, 806559.1696710209, 493.7625190561825, 5.6916241862377435
0.32807939999999997, 0.25160643957246204, 806479.4241986917, 493.7485703086607, 5.691222225053903
0.3294351, 0.2518947662799759, 806398.4988554916, 493.7344141758175, 5.690814305060292
0.33079079999999994, 0.2521870424411292, 806316.3810881035, 493.7200484169279, 5.690400362463654
0.33214649999999996, 0.25248330153331255, 806233.0580873315, 493.7054707451876, 5.6899803321657645
0.33350219999999997, 0.25278357766631493, 806148.5167828159, 493.69067882674676, 5.689554147736322
0.33485789999999993, 0.25308790559402916, 806062.7438376097, 493.6756702797188, 5.689121741385116
0.33621359999999995, 0.25339632072645796, 805975.725642602, 493.6604426731612, 5.688683043933418
0.33756929999999996, 0.2537088591420373, 805887.448310787, 493.64499352602644, 5.688237984784565
0.338925, 0.25402555760028017, 805797.8976713725, 493.6293203060849, 5.687786491893715
0.34028069999999994, 0.2543464535547526, 805707.0592637245, 493.6134204288159, 5.687328491736774
0.34163639999999995, 0.2546715851663923, 805614.9183311432, 493.5972912562687, 5.686863909278431
0.34299209999999997, 0.25500099131717713, 805521.4598144626, 493.58093009589, 5.686392667939292
0.3443478, 0.2553347116241562, 805426.6683454706, 493.5643341993183, 5.685914689562101
0.34570349999999994, 0.2556727864538545, 805330.5282401395, 493.5475007611438, 5.6854298943769495
0.34705919999999996, 0.25601525693705957, 805233.023491671, 493.53042691763255, 5.684938200965569
0.34841489999999997, 0.25636216498400427, 805134.1377633387, 493.5131097454143, 5.684439526224546
0.34977059999999993, 0.2567135532999569, 805033.8543811243, 493.4955462601312, 5.68393378532748
0.35112629999999995, 0.2570694654012294, 804932.1563261488, 493.4777334150488, 5.6834208916861
0.35248199999999996, 0.25742994563161975, 804829.0262268786, 493.45966809962493, 5.682900756910189
0.3538377, 0.2577950391792971, 804724.4463511128, 493.4413471380382, 5.682373290766397
0.35519339999999994, 0.25816479209414805, 804618.3985977352, 493.4227672876724, 5.681838401135838
0.35654909999999995, 0.2585392513055959, 804510.8644882241, 493.40392523755565, 5.6812959939704255
0.35790479999999997, 0.2589184646409066, 804401.8251579212, 493.38481760675563, 5.680745973247965
0.3592605, 0.25930248084399904, 804291.2613470355, 493.3654409427239, 5.680188240925887
0.36061619999999994, 0.25969134959477486, 804179.1533913895, 493.34579171959376, 5.679622696893624
0.36197189999999996, 0.2600851215290038, 804065.4812128814, 493.3258663364237, 5.679049238923551
0.3633276, 0.26048384825865684, 803950.224309698, 493.30566111539514, 5.678467762620601
0.36468329999999993, 0.26088758239301635, 803833.3617461739, 493.2851722999443, 5.677878161370071
0.36603899999999995, 0.2612963775601722, 803714.8721424049, 493.2643960528472, 5.677280326284154
0.36739469999999996, 0.26171028842922456, 803594.7336635243, 493.2433284542427, 5.676674146146722
0.3687504, 0.2621293707330933, 803472.9240086587, 493.2219654995948, 5.676059507356443
0.37010609999999994, 0.2625536812919778, 803349.4203995484, 493.2003030975923, 5.675436293868172
0.37146179999999995, 0.26298327803748306, 803224.1995688251, 493.17833706798496, 5.674804387132563
0.37281749999999997, 0.26341822003743864, 803097.237747925, 493.1560631393504, 5.674163666033784
0.37417319999999993, 0.2638585675214309, 802968.510654639, 493.13347694679356, 5.673514006825355
0.37552889999999994, 0.2643043819070734, 802837.9934802708, 493.1105740295724, 5.672855283063968
0.37688459999999996, 0.264755725827041, 802705.6608764022, 493.08734982864985, 5.6721873655412365
0.3782403, 0.26521266315689024, 802571.4869412461, 493.0637996841687, 5.671510122213345
0.37959599999999993, 0.2656752590436971, 802435.4452055695, 493.0399188328452, 5.670823418128433
0.38095169999999995, 0.266143579935538, 802297.5086181773, 493.01570240528036, 5.670127115351731
0.38230739999999996, 0.2666176936118401, 802157.6495309366, 492.99114542318483, 5.669421072888281
0.3836631, 0.2670976692146383, 802015.8396833286, 492.96624279651473, 5.668705146603228
0.38501879999999994, 0.26758357728076226, 801872.050186501, 492.9409893205136, 5.667979189139509
0.38637449999999995, 0.26807548977499096, 801726.2515068213, 492.91537967266015, 5.667243049832941
0.38773019999999997, 0.26857348012420795, 801578.4134488879, 492.8894084095138, 5.666496574624513
0.38908589999999993, 0.2690776232525914, 801428.5051380015, 492.86306996345843, 5.665739605969843
0.39044159999999994, 0.26958799561787633, 801276.4950020632, 492.83635863933796, 5.664971982745687
0.39179729999999996, 0.2701046752487295, 801122.3507528797, 492.8092686109798, 5.664193540153344
0.393153, 0.2706277417832727, 800966.0393668587, 492.7817939176032, 5.66340410961889
0.39450869999999993, 0.2711572765087986, 800807.5270650622, 492.7539284601059, 5.662603518690085
0.39586439999999995, 0.27169336240272485, 800646.7792926034, 492.7256659972267, 5.661791590929852
0.39722009999999996, 0.27223608417482537, 800483.7606973534, 492.6970001415777, 5.660968145806163
0.3985757999999999, 0.27278552831079317, 800318.435107935, 492.6679243555404, 5.660132998578227
0.39993149999999994, 0.2733417831171785, 800150.7655109747, 492.63843194702224, 5.659285960178798
0.40128719999999996, 0.27390493876775573, 799980.7140275844, 492.60851606506645, 5.658426837092477
0.40264289999999997, 0.2744750873513739, 799808.241889043, 492.57816969530995, 5.657555431229847
0.40399859999999993, 0.27505232292134363, 799633.3094116439, 492.5473856552827, 5.656671539797261
0.40535429999999995, 0.2756367415464218, 799455.8759706771, 492.5161565895428, 5.655774955162111
0.40670999999999996, 0.27622844136345276, 799275.8999735115, 492.48447496463984, 5.654865464713409
0.4080657, 0.2768275226317315, 799093.3388317394, 492.4523330639004, 5.653942850717477
0.40942139999999994, 0.27743408778915357, 798908.1489323446, 492.41972298202677, 5.653006890168539
0.41077709999999995, 0.27804824151022306, 798720.2856078588, 492.3866366195029, 5.652057354634033
0.41213279999999997, 0.2786700907659903, 798529.7031054598, 492.35306567679885, 5.651094010094393
0.4134884999999999, 0.2792997448859932, 798336.3545549677, 492.31900164836395, 5.65011661677709
0.41484419999999994, 0.2799373156222887, 798140.1919357002, 492.2844358164029, 5.649124928984687
0.41619989999999996, 0.28058291721564776, 797941.166042128, 492.2493592444211, 5.64811869491665
0.41755559999999997, 0.28123666646400874, 797739.2264482909, 492.21376277053395, 5.64709765648466
0.41891129999999993, 0.28189868279327657, 797534.3214709146, 492.1776370005266, 5.6460615491211374
0.42026699999999995, 0.28256908833056416, 797326.3981311782, 492.1409723006548, 5.645010101580709
0.42162269999999996, 0.2832480079799764, 797115.4021150675, 492.10375879017477, 5.643943035734273
0.4229783999999999, 0.2839355695010398, 796901.2777322624, 492.06598633359147, 5.642860066355383
0.42433409999999994, 0.28463190358988966, 796683.967873488, 492.0276445326113, 5.641760900898606
0.42568979999999995, 0.28533714396332943, 796463.413966263, 491.9887227177869, 5.640645239269455
0.42704549999999997, 0.2860514274458795, 796239.5559289767, 491.9492099398398, 5.639512773585595
0.4284011999999999, 0.28677489405994955, 796012.3321232238, 491.9090949606472, 5.638363187928896
0.42975689999999994, 0.287507687119258, 795781.6793043105, 491.8683662438769, 5.637196158087889
0.43111259999999996, 0.288249953325647, 795547.532569859, 491.82701194525373, 5.63601135129028
0.43246829999999997, 0.2890018428694313, 795309.8253064193, 491.7850199024425, 5.63480842592497
0.43382399999999993, 0.289819813461154, 795050.6276098905, 491.7392212607581, 5.63349663043964
0.43517969999999995, 0.2905839120372145, 794807.9375342539, 491.69632974553735, 5.6322682689965475
0.43653539999999996, 0.29135229002208035, 794563.3402921412, 491.65309170335064, 5.631030146108174
0.4378910999999999, 0.29212498562149475, 794316.8152255744, 491.6095032538525, 5.629782154602379
0.43924679999999994, 0.29290203752343374, 794068.3413865245, 491.56556046015555, 5.62852418577917
0.44060249999999995, 0.29368348490613716, 793817.8975318307, 491.52125932780075, 5.6272561293835155
0.44195819999999997, 0.2944693674463084, 793565.462118013, 491.47659580370544, 5.625977873577558
0.4433138999999999, 0.29525972532748496, 793311.0132959697, 491.4315657750865, 5.6246893049122155
0.44466959999999994, 0.2960545992485873, 793054.528905564, 491.38616506836115, 5.62339030829817
0.44602529999999996, 0.2968540304326492, 792795.9864700953, 491.34038944802217, 5.622080766976237
0.4473809999999999, 0.29765806063573413, 792535.3631906472, 491.29423461548805, 5.620760562487054
0.44873669999999993, 0.298466732156043, 792272.6359403145, 491.247696207927, 5.619429574640119
0.45009239999999995, 0.2992800878432185, 792007.7812583067, 491.20076979705493, 5.618087681482147
0.45144809999999996, 0.30009817110784864, 791740.7753439173, 491.15345088790525, 5.616734759264697
0.4528037999999999, 0.30092102593118053, 791471.5940503655, 491.10573491757094, 5.615370682411107
0.45415949999999994, 0.30174869687504274, 791200.2128784978, 491.05761725391784, 5.613995323482662
0.45551519999999995, 0.30258122909198715, 790926.6069703547, 491.0090931942681, 5.612608553144024
0.45687089999999997, 0.3034186683356539, 790650.7511025884, 490.96015796405305, 5.611210240127842
0.45822659999999993, 0.3042610609713657, 790372.6196797393, 490.91080671543517, 5.6098002511986085
0.45958229999999994, 0.30510845398695835, 790092.1867273563, 490.8610345258971, 5.608378451115645
0.46093799999999996, 0.30596089500385243, 789809.4258849642, 490.8108363967983, 5.606944702595252
0.4622936999999999, 0.3068184322883748, 789524.310398874, 490.76020725189744, 5.605498866272016
0.46364939999999993, 0.3076811147633343, 789236.8131148263, 490.7091419358396, 5.604040800659177
0.46500509999999995, 0.30854899201986136, 788946.9064704672, 490.6576352126079, 5.6025703621081036
0.46636079999999996, 0.3094221143295155, 788654.5624876545, 490.60568176393764, 5.601087404766826
0.4677164999999999, 0.31030053265667285, 788359.7527645814, 490.55327618769303, 5.599591780537567
0.46907219999999994, 0.3111842986711953, 788062.4484677226, 490.50041299620403, 5.598083339033306
0.47042789999999995, 0.3120734647613955, 787762.6203235921, 490.447086614564, 5.596561927533303
0.4717835999999999, 0.31296808404730203, 787460.238610308, 490.39329137888495, 5.595027390937574
0.47313929999999993, 0.3138682103942333, 787155.2731489548, 490.3390215345103, 5.59347957172024
0.47449499999999994, 0.3147738984266917, 786847.6932947539, 490.2842712341847, 5.59191830988184
0.47585069999999996, 0.3156852035425849, 786537.4679280114, 490.22903453617744, 5.590343442900405
0.4772063999999999, 0.31660218192778455, 786224.5654448606, 490.17330540236037, 5.58875480568141
0.47856209999999993, 0.31752489057103034, 785908.9537477773, 490.1170776962374, 5.587152230506481
0.47991779999999995, 0.3184533872791944, 785590.6002358722, 490.06034518092525, 5.585535546980864
0.48127349999999997, 0.3193877306929087, 785269.4717949445, 490.00310151708265, 5.583904581979596
0.4826291999999999, 0.32032798030257503, 784945.5347872984, 489.94534026078844, 5.582259159592351
0.48398489999999994, 0.32127419646476196, 784618.7550413081, 489.8870548613645, 5.5805991010669205
0.48534059999999996, 0.32222644041900317, 784289.097840731, 489.82823865914435, 5.5789242247512885
0.4866962999999999, 0.32318477430500847, 783956.5279137564, 489.76888488318406, 5.577234346034263
0.48805199999999993, 0.32414926118030196, 783621.0094217825, 489.70898664891405, 5.575529277284597
0.48940769999999995, 0.3251199650382957, 783282.505947917, 489.6485369557306, 5.573808827788593
0.49076339999999996, 0.3260969508268172, 782940.9804851926, 489.5875286845248, 5.57207280368613
0.4921190999999999, 0.3270802844671019, 782596.3954244785, 489.52595459514595, 5.570321007905003
0.49347479999999994, 0.3280700328732635, 782248.7125420988, 489.46380732379987, 5.568553240093668
0.49483049999999995, 0.3290662639722605, 781897.8929871311, 489.4010793803776, 5.566769296552185
0.4961861999999999, 0.3300690467243971, 781543.8972683713, 489.3377631457114, 5.564968970161346
0.4975418999999999, 0.33107845114422974, 781186.6852410142, 489.2738508687665, 5.563152050310196
0.49889759999999994, 0.33209454832224666, 780826.2160929008, 489.20933466374095, 5.561318322821198
0.5002532999999999, 0.33311741044688375, 780462.4483304996, 489.14420650710383, 5.559467569873894
0.501609, 0.33414711082722615, 780095.3397644759, 489.07845823454414, 5.55759956992629
0.5029646999999999, 0.33518372391628287, 779724.8474948996, 489.01208153783995, 5.555714097634234
0.5043203999999999, 0.3362273253348773, 779350.9278960589, 488.94506796164035, 5.553810923768622
0.5056761, 0.3372779918961732, 778973.5366008757, 488.8774089001593, 5.551889815130378
0.5070317999999999, 0.33833580163085164, 778592.6284849102, 488.8090955937792, 5.549950534463164
0.5083874999999999, 0.3394008338129711, 778208.1576499331, 488.74011912555784, 5.547992840363674
0.5097432, 0.34047316898651947, 777820.0774070608, 488.67047041763914, 5.546016487189525
0.5110988999999999, 0.34155288899269337, 777428.3402594391, 488.60014022756326, 5.544021224964612
0.5124546, 0.34264007699792065, 777032.8978844492, 488.52911914447094, 5.542006799281819
0.5138102999999999, 0.34373481752265433, 776633.701115436, 488.45739758520114, 5.539972951203072
0.5151659999999999, 0.34483719647096484, 776230.6999229344, 488.3849657902771, 5.53791941715659
0.5165217, 0.34594730116095374, 775823.8433953724, 488.3118138197758, 5.535845928831228
0.5178773999999999, 0.347065220356022, 775413.0797192487, 488.23793154907975, 5.533752213067892
0.5192330999999999, 0.34819104429701964, 774998.3561587478, 488.16330866450346, 5.531637991747811
0.5205888, 0.34932486473530455, 774579.6190347916, 488.0879346587935, 5.529502981677672
0.5219444999999999, 0.35046677496674766, 774156.8137034958, 488.0117988264953, 5.527346894471429
0.5233001999999999, 0.3516168698667137, 773729.8845340154, 487.9348902591829, 5.525169436428705
0.5246559, 0.35277524592605397, 773298.7748857599, 487.8571978405472, 5.522970308409666
0.5260115999999999, 0.35394200128814235, 772863.4270849524, 487.7787102413365, 5.520749205706234
0.5273673, 0.35511723578700144, 772423.7824005147, 487.6994159141454, 5.518505817909532
0.5287229999999999, 0.3563010509865459, 771979.7810192483, 487.6193030880449, 5.516239828773378
0.5300786999999999, 0.3574935502209942, 771531.3620202915, 487.5383597630493, 5.5139509160737425
0.5314344, 0.358694838636483, 771078.4633488283, 487.4565737044138, 5.511638751464003
0.5327900999999999, 0.35990502323393386, 770621.0217890126, 487.37393243675496, 5.509303000325803
0.5341457999999999, 0.3611242129132163, 770158.9729360957, 487.2904232379896, 5.506943321615456
0.5355015, 0.3623525185186542, 769692.2511677084, 487.20603313308374, 5.504559367705588
0.5368571999999999, 0.36359005288592805, 769220.7896142866, 487.1207488876053, 5.502150784221991
0.5382128999999999, 0.3648369308904244, 768744.5201285937, 487.03455700107247, 5.49971720987539
0.5395686, 0.36609326949708676, 768263.3732543127, 486.94744370008976, 5.497258276288004
0.5409242999999999, 0.367359187811828, 767777.2781936782, 486.8593949312658, 5.494773607814676
0.54228, 0.3686348071345589, 767286.1627741015, 486.77039635390025, 5.492262821358381
0.5436356999999999, 0.3699202510139031, 766789.9534137564, 486.68043333243463, 5.489725526179855
0.5449913999999999, 0.3712156453036566, 766288.575086091, 486.5894909286562, 5.487161323701191
0.5463471, 0.372521118221065, 765781.9512832147, 486.49755389364475, 5.484569807303103
0.5477027999999999, 0.37383680040698813, 765270.0039781267, 486.40460665945335, 5.4819505621156415
0.5490584999999999, 0.375162824988031, 764752.6535857298, 486.3106333305105, 5.479303164802086
0.5504142, 0.3764993276407141, 764229.8189225942, 486.2156176747342, 5.4766271833357685
0.5517698999999999, 0.37784644665776773, 763701.4171654147, 486.1195431143457, 5.473922176769523
0.5531255999999999, 0.37920432301664286, 763167.3638081095, 486.02239271636955, 5.471187694997471
0.5544813, 0.3805731004503212, 762627.5726175092, 485.9241491828087, 5.468423278508829
0.5558369999999999, 0.38195292552051946, 762081.9555875784, 485.82479484047985, 5.465628458133432
0.5571927, 0.3833439476933984, 761530.4228921086, 485.7243116304951, 5.462802754778602
0.5585484, 0.38474631941786824, 760972.8828358194, 485.622681097375, 5.459945679157011
0.5599040999999999, 0.38616019620660985, 760409.2418038113, 485.51988437777834, 5.457056731505205
0.5612598, 0.38758573671992097, 759839.4042092853, 485.4159021888302, 5.454135401292313
0.5626154999999999, 0.389023102852517, 759263.2724394694, 485.31071481603163, 5.451181166918594
0.5639711999999999, 0.39047245982340417, 758680.7467996781, 485.20430210073505, 5.448193495403381
0.5653269, 0.39193397626896886, 758091.7254554123, 485.0966434271622, 5.445171842061921
0.5666825999999999, 0.39340782433941685, 757496.1043724262, 484.9877177089473, 5.44211565017066
0.5680382999999999, 0.3948941797987195, 756893.7772546753, 484.8775033751845, 5.439024350620491
0.569394, 0.3963932221282138, 756284.6354800417, 484.76597835595464, 5.4358973615573785
0.5707496999999999, 0.3979051346340307, 755668.5680337508, 484.65312006731045, 5.432734088009838
0.5721053999999999, 0.39943010455852024, 755045.4614393711, 484.53890539569454, 5.429533921502672
0.5734611, 0.4009683231958579, 754415.1996872885, 484.42331068176276, 5.426296239656321
0.5748167999999999, 0.4025199860120289, 753777.6641605482, 484.30631170358856, 5.423020405771231
0.5761725, 0.4040852927693887, 753132.7335579324, 484.18788365921495, 5.419705768396445
0.5775281999999999, 0.4056644476560199, 752480.2838141628, 484.0680011485274, 5.4163516608818165
0.5788838999999999, 0.407257659420115, 751820.1880170789, 483.94663815441265, 5.41295740091296
0.5802396, 0.40886514150961956, 751152.3163216625, 483.82376802317, 5.409522290028194
0.5815952999999999, 0.4104871122173934, 750476.5358607597, 483.69936344413975, 5.406045613116621
0.5829509999999999, 0.41212379483216227, 749792.7106523311, 483.5733964285083, 5.402526637896366
0.5843067, 0.41377541779553995, 749100.7015030822, 483.4458382872517, 5.398964614372113
0.5856623999999999, 0.41544221486542293, 748400.3659082844, 483.3166596081734, 5.395358774270855
0.5870180999999999, 0.41712442528608057, 747691.5579476083, 483.1858302319908, 5.391708330454795
0.5883738, 0.418822293965277, 746974.1281767697, 483.0533192274233, 5.388012476310286
0.5897294999999999, 0.42053607165878204, 746247.9235147809, 482.9190948652294, 5.384270385111567
0.5910852, 0.42226601516265827, 745512.7871265888, 482.7831245911397, 5.380481209358065
0.5924408999999999, 0.42401238751372033, 744768.558300862, 482.64537499762855, 5.376644080083837
0.5937965999999999, 0.4257754581986052, 744015.0723226815, 482.5058117944611, 5.372758106137794
0.5951523, 0.4275555033719024, 743252.160340871, 482.36439977795425, 5.368822373433099
0.5965079999999999, 0.4293528060838332, 742479.6492296872, 482.2211027988789, 5.36483594416419
0.5978636999999999, 0.43116765651800004, 741697.3614445728, 482.07588372893287, 5.360797855989635
0.5992194, 0.4330003522397449, 740905.1148716534, 481.9287044257042, 5.356707121179016
0.6005750999999999, 0.43485119845571685, 740102.7226706463, 481.7795256960429, 5.352562725721882
0.6019307999999999, 0.43672050828526376, 739289.9931108196, 481.6283072577517, 5.348363628396686
0.6032865, 0.43860860304435373, 738466.7293996066, 481.47500769949806, 5.344108759797396
0.6046421999999999, 0.4405158125425337, 737632.7295035557, 481.31958443886396, 5.339797021315896
0.6059979, 0.44244247539418013, 736787.7859609654, 481.16199367838357, 5.3354272840764825
0.6073535999999999, 0.4443889393442136, 735931.6856860237, 481.00219035950704, 5.330998387821268
0.6087092999999999, 0.446355561609617, 735064.2097637485, 480.84012811432814, 5.326509139742488
0.610065, 0.4483427092374985, 734185.133235281, 480.6757592149589, 5.32195831325908
0.6114206999999999, 0.4503507594807321, 733294.2248729568, 480.5090345204071, 5.317344646734154
0.6127763999999999, 0.4523801001922434, 732391.2469445355, 480.3399034208051, 5.312666842129764
0.6141321, 0.4544311302390844, 731475.9549659542, 480.1683137788269, 5.307923563595278
0.6154877999999999, 0.4565042599375287, 730548.0974419018, 479.99421186812094, 5.303113435985218
0.6168434999999999, 0.4585999115105109, 729607.4155934581, 479.8175423085668, 5.298235043302184
0.6181992, 0.4607185195688337, 728653.6430720082, 479.63824799815944, 5.293286927060206
0.6195548999999999, 0.46286053161766705, 727686.5056585617, 479.4562700413001, 5.288267584563492
0.6209105999999999, 0.4650264085899957, 726705.7209475419, 479.2715476732611, 5.28317546709505
0.6222662999999999, 0.4672166254087855, 725710.998014058, 479.08401818057433, 5.278008978009426
0.6236219999999999, 0.46943167157979326, 724702.0370635716, 478.89361681706936, 5.272766470723219
0.6249777, 0.47167205181708843, 723678.5290627911, 478.70027671526856, 5.267446246596486
0.6263333999999999, 0.4739382867035191, 722640.1553505581, 478.5039287928241, 5.26204655269783
0.6276890999999999, 0.47623091338856416, 721586.5872273353, 478.304501653649, 5.256565579445042
0.6290448, 0.47855048632617464, 720517.4855218626, 478.1019214833763, 5.251001458112837
0.6304004999999999, 0.4808975780554639, 719432.500133365, 477.8961119387392, 5.2453522581982694
0.6317561999999999, 0.4832727800273353, 718331.269547596, 477.68699403043667, 5.239615984633714
0.6331119, 0.48567670348039566, 717213.4203248522, 477.47448599901116, 5.233790574836492
0.6344675999999999, 0.48810998036981035, 716078.5665579137, 477.2585031832187, 5.2278738955831425
0.6358232999999999, 0.4905732643530788, 714926.309297708, 477.03895788033304, 5.221863739695373
0.6371789999999999, 0.4930672318370529, 713756.2359442847, 476.81575919776844, 5.2157578225235675
0.6385346999999999, 0.4955925830909387, 712567.9196004802, 476.58881289535424, 5.209553778212396
0.6398904, 0.4981500434304437, 711360.9183854001, 476.3580212175297, 5.203249155731696
0.6412460999999999, 0.5007403644787244, 710134.7747045989, 476.1232827146623, 5.196841414654225
0.6426017999999999, 0.5033643255103313, 708889.0144735198, 475.88449205261185, 5.190327920660109
0.6439575, 0.5060227348849408, 707623.1462904458, 475.6415398095835, 5.183705940745902
0.6453131999999999, 0.5087164315783448, 706336.6605548438, 475.3943122592144, 5.1769726381140275
0.6466688999999999, 0.5114462868189001, 705029.0285265745, 475.1426911387365, 5.17012506671595
0.6480246, 0.5142132058384822, 703699.7013209866, 474.8865534009384, 5.163160165419728
0.6493802999999999, 0.5170181297479175, 702348.1088344153, 474.62577094852094, 5.156074751769669
0.6507359999999999, 0.5198620375479198, 700973.6585940219, 474.3602103492904, 5.148865515302353
0.6520916999999999, 0.5227459482877126, 699575.734525285, 474.0897325304709, 5.141529010379596
0.6534473999999999, 0.5256709233848645, 698153.6956297373, 473.8141924502315, 5.134061648494678
0.6548031, 0.5286380691213335, 696706.8745647251, 473.5334387443123, 5.126459690003326
0.6561587999999999, 0.5316485393324096, 695234.576116059, 473.24731334539956, 5.118719235225586
0.6575144999999999, 0.5347035383071369, 693736.0755534128, 472.9556510726315, 5.110836214858713
0.6588702, 0.5378043239209732, 692210.6168571219, 472.6582791883128, 5.102806379634097
0.6602258999999999, 0.5409522110238731, 690657.4108037464, 472.35501691857195, 5.09462528914358
0.6615815999999999, 0.5441485751097987, 689075.6328962294, 472.0456749343028, 5.086288299751518
0.6629373, 0.5473948562968378, 687464.4211227646, 471.730054788283, 5.07779055149868
0.6642929999999999, 0.5506925636507554, 685822.8735265321, 471.40794830385164, 5.069126953892559
0.6656486999999999, 0.5540432798890225, 684150.0455661782, 471.07913690993666, 5.060292170465158
0.6670043999999999, 0.5574486665071445, 682444.9472443501, 470.74339091655105, 5.051280601964035
0.6683600999999999, 0.5609104693746952, 680706.5399785799, 470.40046872409164, 5.0420863680246155
0.6697157999999999, 0.564430524854893, 678933.7331853795, 470.0501159588789, 5.032703287151352
0.6710714999999999, 0.5680107665089867, 677125.3805443841, 469.6920645263237, 5.023124854811514
0.6724271999999999, 0.5716532324554252, 675280.2759047459, 469.32603157189726, 5.013344219417862
0.6737829, 0.5753600734638834, 673397.1487905234, 468.95171833865476, 5.003354155944113
0.6751385999999999, 0.5791335618761555, 671474.6594554571, 468.5688089084004, 4.993147036879448
0.6764942999999999, 0.5829761014594029, 669511.3934302609, 468.1769688116712, 4.982714800185067
0.67785, 0.5868902383149306, 667505.8554961449, 467.77584348928883, 4.972048913860349
0.6792056999999999, 0.5908786729831116, 665456.4630089029, 467.36505658570974, 4.961140336669872
0.6805613999999999, 0.5949442739100814, 663361.5384845871, 466.94420805097354, 4.94997947450411
0.6819170999999999, 0.5990900924682605, 661219.3013436482, 466.51287202430734, 4.938556131762336
0.6832727999999999, 0.6033193797561651, 659027.8586926137, 466.0705944677818, 4.926859457040628
0.6846284999999999, 0.6076356054426127, 656785.1950012324, 465.61689051286214, 4.914877882282287
0.6859841999999999, 0.6120424789685026, 654489.1605074154, 465.1512414759747, 4.902599054395924
0.6873398999999999, 0.6165439734777055, 652137.4581512167, 464.6730914910394, 4.890009758161813
0.6886956, 0.6211443529199611, 649727.6288011675, 464.18184369694535, 4.877095829021705
0.6900512999999999, 0.6258482028562589, 647257.034489686, 463.6768559056925, 4.863842054070429
0.6914069999999999, 0.6306604656054744, 644722.8393167844, 463.1574356617845, 4.850232059225859
0.6927627, 0.6355864805056012, 642121.9876098508, 462.62283458464975, 4.836248180129083
0.6941183999999999, 0.640632030231367, 639451.1788379233, 462.0722418623199, 4.821871313795324
0.6954740999999999, 0.6458033943223231, 636706.8386663427, 461.50477673493856, 4.807080747366997
0.6968297999999999, 0.6511074113449374, 633885.0853949315, 460.9194797690255, 4.791853959471354
0.6981854999999999, 0.6565515514571447, 630981.69084026, 460.31530267525045, 4.776166388599053
0.6995411999999999, 0.6621440015888628, 627992.0344871256, 459.6910963603208, 4.759991161519357
0.7008968999999999, 0.667893766031575, 624911.0494279596, 459.04559682266375, 4.743298772924411
0.7022525999999999, 0.6738107859923504, 621733.1582061988, 458.3774083951867, 4.726056705098712
0.7036083, 0.6799060826805304, 618452.196144916, 457.6849836970372, 4.708228973227105
0.7049639999999999, 0.6861919298567206, 615061.319023769, 456.9665994663276, 4.689775577679048
0.7063196999999999, 0.6898826395165655, 613067.0844620389, 456.54278304351607, 4.678909238849413
0.7076754, 0.6935133609687685, 611102.995035427, 456.12440947985203, 4.6681972814710555
0.7090310999999999, 0.6971578685878311, 609129.2725370284, 455.70301529305925, 4.657422872450342
0.7103867999999999, 0.7008161661591609, 607145.9780276024, 455.2785939075907, 4.646586158340485
0.7117425, 0.7044882566047521, 605153.1745333306, 454.8511390154402, 4.6356872954560675
0.7130981999999999, 0.7081741419809892, 603150.9270480726, 454.4206445799309, 4.62472644993106
0.7144538999999999, 0.7118738234766901, 601139.302534804, 453.9871048394468, 4.613703797773591
0.7158095999999999, 0.7155873014109666, 599118.3699264623, 453.5505143111578, 4.602619524918678
0.7171652999999999, 0.7193145752318711, 597088.2001256609, 453.1108677946223, 4.591473827275975
0.718521, 0.7230556435146408, 595048.8660039161, 452.66816037540406, 4.580266910776039
0.7198766999999999, 0.7268105039603893, 593000.4423999047, 452.2223874286008, 4.568998991412471
0.7212323999999999, 0.7305791533949139, 590943.006116938, 451.7735446223245, 4.557670295280942
0.7225881, 0.7343615877676929, 588876.6359195951, 451.32162792111853, 4.546281058614758
0.7239437999999999, 0.7381578021510617, 586801.4125295214, 450.86663358931486, 4.534831527816995
0.7252994999999999, 0.741967790739591, 584717.4186203672, 450.4085581943235, 4.52332195948905
0.7266552, 0.7457915468496389, 582624.73881188, 449.9473986098568, 4.511752620455654
0.7280108999999999, 0.7496290629191159, 580523.4596631259, 449.48315201908264, 4.500123787786201
0.7293665999999999, 0.7534803305074385, 578413.6696648418, 449.0158159177056, 4.488435748812369
0.7307222999999999, 0.7573453402956943, 576295.4592309097, 448.5453881169731, 4.476688801141992
0.7320779999999999, 0.7612240820870019, 574168.9206889519, 448.07186674660494, 4.464883252669107
0.7334336999999999, 0.7651165448070906, 572034.1482700367, 447.59525025764316, 4.453019421580142
0.7347893999999999, 0.7690227165050927, 569891.2380974896, 447.1155374252183, 4.441097636356148
0.7361450999999999, 0.7729425843545337, 567740.2881748228, 446.6327273512352, 4.429118235771159
0.7375008, 0.7768761346545673, 565581.398372752, 446.1468194669679, 4.4170815688864415
0.7388564999999999, 0.7808233528314097, 563414.6704153256, 445.6578135355689, 4.404987995040768
0.7402121999999999, 0.7847842234400054, 561240.2078651489, 445.1657096544856, 4.392837883836586
0.7415679, 0.7887587301659168, 559058.1161077115, 444.67050825778506, 4.380631615122066
0.7429235999999999, 0.7927468558274399, 556868.5023348114, 444.1722101183819, 4.368369578969007
0.7442792999999999, 0.7967485823779605, 554671.475527077, 443.67081635016876, 4.356052175646521
0.7456349999999999, 0.8007638909085282, 552467.1464355976, 443.1663284100483, 4.343679815590558
0.7469906999999999, 0.804792761650668, 550255.6275626571, 442.6587480998633, 4.331252919369174
0.7483463999999999, 0.8088351739794367, 548037.0331415713, 442.14807756822194, 4.318771917643534
0.7497020999999999, 0.8128911064167164, 545811.4791156348, 441.6343193122175, 4.306237251124615
0.7510577999999999, 0.8169605366348377, 543579.0831161372, 441.1174761790294, 4.293649370525356
0.7524135, 0.821043441460002, 541339.9644397433, 440.59755136747094, 4.281008736509874
0.7537691999999999, 0.8251397968767537, 539094.2440245558, 440.0745484293233, 4.268315819635854
0.7551248999999999, 0.8292495780319586, 536842.0444257195, 439.54847127065017, 4.255571100294911
0.7564806, 0.8333727592393773, 534583.4897899753, 439.01932415295425, 4.2427750686475365
0.7578362999999999, 0.8375093139844005, 532318.7058294106, 438.48711169422694, 4.229928224554001
0.7591919999999999, 0.8416592149290447, 530047.8197943629, 437.9518388698799, 4.217031077500869
0.7605476999999999, 0.845822433917197, 527770.9604454942, 437.41351101355707, 4.204084146523225
0.7619033999999999, 0.8499989419800998, 525488.2580250468, 436.87213381782624, 4.1910879601225925
0.7632590999999999, 0.854188709342085, 523199.84422729677, 436.32771333474983, 4.178043056180599
0.7646147999999999, 0.8583917054265713, 520905.85216819943, 435.7802559763301, 4.164949981868292
0.7659704999999999, 0.8626078988622807, 518606.4163542736, 435.2297685148346, 4.1518092935513256
0.7673262, 0.8668372574897364, 516301.6726506949, 434.67625808299016, 4.1386215566907945
0.7686818999999999, 0.8710797483679932, 513991.758248651, 434.1197321740555, 4.125387345739957
0.7700375999999999, 0.8753353377816073, 511676.8116319569, 433.56019864176506, 4.112107244036776
0.7713933, 0.8796039912478711, 509356.97254294384, 432.9976657001436, 4.098781843692319
0.7727489999999999, 0.8838856735242804, 507032.3819476494, 432.432141923194, 4.085411745475095
0.7741046999999999, 0.8881803486164662, 504703.1820001988, 431.86363624442544, 4.071997558690634
0.7754603999999999, 0.8924879797855837, 502369.51600695006, 431.29215795635696, 4.0585399010595795
0.7768160999999999, 0.8968085295572165, 500031.52838929195, 430.7177167097208, 4.045039398587799
0.7781717999999999, 0.9011419597294515, 497689.3646463994, 430.1403225126778, 4.0314966854359895
0.7795274999999999, 0.9054882313816803, 495343.171317108, 429.55998572983583, 4.0179124037838685
0.7808831999999999, 0.9098473048835273, 492993.09594126506, 428.9767170811521, 4.004287203690985
0.7822388999999998, 0.9142191399040529, 490639.28702048835, 428.39052764069885, 3.9906217429536435
0.7835945999999999, 0.91860369542117, 488281.8939783914, 427.8014288352995, 3.9769166869582655
0.7849502999999999, 0.9230009297313095, 485921.06712027796, 427.2094324430318, 3.9631727085311113
0.786306, 0.9274108004592954, 483556.95759234205, 426.6145505916012, 3.9493904877845276
0.7876616999999999, 0.9318332645686722, 481189.7173402781, 426.0167957565538, 3.935570711959097
0.7890173999999999, 0.9362682783716263, 478819.49906776985, 425.4161807594422, 3.9217140752643598
0.7903730999999999, 0.9407157975400642, 476446.45619405527, 424.8127187657361, 3.9078212787133646
0.7917287999999999, 0.9451757771161771, 474070.74281147856, 424.20642328270077, 3.8938930299563004
0.7930844999999999, 0.9496481715235288, 471692.5136425017, 423.59730815710515, 3.879930043110076
0.7944401999999999, 0.9541329345783481, 469311.92399636895, 422.98538757280284, 3.8659330385849016
0.7957958999999999, 0.9586300195010863, 466929.12972541654, 422.3706760481769, 3.8519027429077797
0.7971515999999998, 0.9631393789279447, 464544.2871812107, 421.753188433491, 3.8378398885439147
0.7985072999999999, 0.9676609649229506, 462157.5531702267, 421.13293990806613, 3.823745213714287
0.7998629999999999, 0.9721947289900282, 459769.0849093981, 420.509945977362, 3.809619462211284
0.8012187, 0.9767406220854509, 457379.0399813452, 419.8842224699082, 3.795463383211175
0.8025743999999999, 0.9812985946301531, 454987.5762895922, 419.2557855341586, 3.7812777310852383
0.8039300999999999, 0.9858685965227535, 452594.852013346, 418.6246516351533, 3.7670632652069176
0.8052857999999999, 0.9904505771521176, 450201.02556248126, 417.9908375511497, 3.752820749758801
0.8066414999999999, 0.9950444854115101, 447806.2555316809, 417.35436036993957, 3.738550953533096
0.8079971999999999, 0.9996502697098442, 445410.7006561089, 416.7152374854773, 3.724254649739717
0.8093528999999999, 1.0461377191230996, 421554.2480861047, 410.21237642768614, 3.580657769264377
0.8107085999999999, 1.0669164586862263, 411094.6272106816, 407.27817636483826, 3.516970816971225
0.8120642999999999, 1.0828046130392261, 403187.82816722075, 405.0245183766846, 3.4685199894658587
0.8134199999999999, 1.0962214105769854, 396574.57361103833, 403.1151850774704, 3.42778687224529
0.8147756999999999, 1.1080739123614858, 390782.1870110706, 401.42407307798715, 3.391950057363775
0.8161314, 1.118820638633271, 385571.47258790146, 399.8874159252235, 3.3595821094090943
0.8174870999999999, 1.1287317131901273, 380801.3640580243, 398.467634988515, 3.3298413838462486
0.8188427999999999, 1.1379821891835176, 376380.3453746534, 397.1403692999282, 3.3021819895477784
0.8201984999999999, 1.146693204131691, 372245.0185023558, 395.8887551737911, 3.2762258423382216
0.8215541999999999, 1.1549527181136794, 368349.2988339032, 394.700543298737, 3.251698169802286
0.8229098999999999, 1.1628269992415006, 364658.42863314104, 393.5665018811171, 3.228391779472949
0.8242655999999999, 1.170367451755647, 361145.41647405765, 392.47946719166697, 3.2061458090234316
0.8256212999999999, 1.1776149061173096, 357788.7991596866, 391.4337469458784, 3.1848323704307138
0.8269769999999999, 1.1846024369911414, 354571.1709752098, 390.42472835813476, 3.16434777407188
0.8283326999999999, 1.191357283180645, 351478.1812052128, 389.4486110679424, 3.1446065475101137
0.8296883999999999, 1.197902196388925, 348497.82957658655, 388.5022194951442, 3.1255372322267347
0.8310440999999998, 1.204256413723167, 345619.95802362956, 387.5828675235921, 3.107079351869717
0.8323997999999999, 1.2104363748107148, 342835.87575449655, 386.6882587069631, 3.089181175894368
0.8337554999999999, 1.2164562610177725, 340138.07720356213, 385.8164112209511, 3.071798037401819
0.8351111999999999, 1.2223284079169825, 337520.0261871067, 384.9656004489335, 3.0548910459461602
0.8364668999999999, 1.228063625628468, 334975.9881939369, 384.1343143854768, 3.0384260874930606
0.8378225999999999, 1.233671451005824, 332500.89829828794, 383.32121852342175, 3.0223730368692228
0.8391782999999999, 1.2391603485975353, 330090.2558551741, 382.5251278694443, 3.0067051299602072
0.8405339999999999, 1.2445378725571046, 327740.03962045023, 381.744984394597, 2.991398457725767
0.8418896999999999, 1.2498107983967968, 325446.6386487559, 380.9798386823067, 2.976431554310914
0.8432453999999999, 1.254985231179968, 323206.7955230746, 380.2288348562112, 2.9617850586944665
0.8446010999999999, 1.26006669510718, 321017.5593258094, 379.49119809831853, 2.9474414344250723
0.8459567999999998, 1.2650602082646039, 318876.24638100126, 378.7662242330555, 2.9333847356921106
0.8473124999999999, 1.269970345433039, 316780.40725188673, 378.0532709738362, 2.9196004106907973
0.8486681999999999, 1.274801291209484, 314727.79881570605, 377.3517505187142, 2.9060751352554344
0.8500238999999999, 1.2795568852077541, 312716.3604913798, 376.66112324922864, 2.892796671248186
0.8513795999999999, 1.2842406607360415, 310744.193888344, 375.9808923378455, 2.87975374534008
0.8527352999999999, 1.28885587806689, 308809.54529251705, 375.3105991086978, 2.8669359447016975
0.8540909999999999, 1.2934055531955067, 306910.7905200999, 374.64981902688817, 2.85433362680562
0.8554466999999999, 1.2978924828144451, 305046.421758016, 373.99815821496884, 2.841937841067349
0.8568023999999999, 1.3023192660936709, 303215.0360820369, 373.35525041459283, 2.8297402604835855
0.8581580999999999, 1.3066883237537934, 301415.3253971568, 372.72075432539043, 2.8177331217444803
0.8595137999999999, 1.3110019148319632, 299646.0675906377, 372.09435126543696, 2.805909172570834
0.8608694999999998, 1.3152621514730167, 297906.11872332165, 371.47574310698343, 2.794261625236646
0.8622251999999999, 1.3194710120230222, 296194.40611380746, 370.8646504488433, 2.7827841154103767
0.8635808999999999, 1.323630352657558, 294509.92219356884, 370.26081099306873, 2.771470665588268
0.8649365999999999, 1.327741917740419, 292851.7190302957, 369.66397809864986, 2.7603156525075794
0.8662922999999999, 1.33180734907822, 291218.90343257185, 369.0739194891825, 2.7493137780219694
0.8676479999999999, 1.3358281942115033, 289610.63256204, 368.4904160949095, 2.7384600429989643
0.8690036999999999, 1.3398059138622416, 288026.1099900684, 367.913261012429, 2.7277497238642323
0.8703593999999999, 1.3437418886403951, 286464.58214496734, 367.34225856776067, 2.717178351471218
0.8717150999999999, 1.3476374250977403, 284925.3351033855, 366.7772234704743, 2.706741692019867
0.8730707999999999, 1.3514937612049904, 283407.6916859074, 366.21798004828423, 2.6964357297863013
0.8744264999999999, 1.3553120713180487, 281911.00882222696, 365.6643615529292, 2.6862566514571644
0.8757821999999998, 1.3590934706904603, 280434.6751558692, 365.11620952938426, 2.676200831889795
0.8771378999999999, 1.3628390195817761, 278978.108862297, 364.57337324147005, 2.6662648211423856
0.8784935999999999, 1.3665497270052416, 277540.75565755117, 364.035709147808, 2.6564453326380364
0.8798493, 1.3702265541527794, 276122.08697742724, 363.5030804228258, 2.6467392323436103
0.8812049999999999, 1.373870417530612, 274721.5983096234, 362.9753565181616, 2.637143528858798
0.8825606999999999, 1.3774821918349143, 273338.80766337825, 362.45241276036876, 2.627655364323191
0.8839163999999999, 1.381062712593323, 271973.25416298053, 361.9341299813182, 2.6182720060603026
0.8852720999999999, 1.3846127785952622, 270624.4967530503, 361.42039417809485, 2.608990838886474
0.8866277999999999, 1.3881331541313484, 269292.1130049037, 360.911096199562, 2.599809358021041
0.8879834999999999, 1.3916245710599235, 267975.6980144819, 360.4061314570741, 2.590725162541099
0.8893391999999999, 1.395087730716741, 266674.86338338396, 359.9053996571035, 2.581735949330502
0.8906948999999998, 1.3985233056821555, 265389.2362754348, 359.4088045537769, 2.5728395074780397
0.8920505999999999, 1.4019319414186977, 264118.4585419976, 358.91625371952404, 2.564033713084342
0.8934062999999999, 1.4053142577898412, 262862.18591022445, 358.4276583323329, 2.5553165244432012
0.8947619999999998, 1.4086708504719916, 261620.08722815834, 357.94293297792456, 2.5466859775604385
0.8961176999999999, 1.4120022922664555, 260391.84376273016, 357.4619954659151, 2.53814018198769
0.8974733999999999, 1.4153091343216984, 259177.14854551115, 356.98476665851683, 2.529677316939802
0.8988290999999999, 1.4185919072725655, 257975.70576256083, 356.5111703108502, 2.521295627674357
0.9001847999999999, 1.421851122303353, 256787.23018474426, 356.04113292190397, 2.512993422111728
0.9015404999999999, 1.4250872721409, 255611.44663526202, 355.57458359528295, 2.5047690676762597
0.9028961999999999, 1.4283008319832462, 254448.08949145308, 355.1114539089676, 2.4966209883411046
0.9042518999999999, 1.431492260368883, 253296.90221820798, 354.65167779338356, 2.488547661860881
0.9056075999999998, 1.434661999991211, 252157.63693055414, 354.1951914171376, 2.4805476171776277
0.9069632999999999, 1.4378104784623524, 251030.05398321163, 353.74193307983927, 2.472619431986991
0.9083189999999999, 1.4409381090301152, 249913.92158510676, 353.29184311147833, 2.46476173045265
0.9096746999999998, 1.4440452912516037, 248809.01543699566, 352.8448637778695, 2.456973181058008
0.9110303999999999, 1.4471324116266047, 247715.11839053215, 352.40093919172784, 2.4492524945852368
0.9123860999999999, 1.4501998441936819, 246632.02012722977, 351.96001522896387, 2.4415984222124614
0.9137417999999999, 1.453247951091616, 245559.51685591644, 351.52203944983046, 2.434009753720752
0.9150974999999999, 1.4562770830886216, 244497.41102739066, 351.08696102458197, 2.426485315803246
0.9164531999999999, 1.459287580081584, 243445.511065089, 350.65473066333124, 2.4190239704693233
0.9178088999999999, 1.4622797715673705, 242403.63111067595, 350.22530054981775, 2.4116246135373696
0.9191645999999999, 1.465253977088086, 241371.5907835578, 349.7986242788258, 2.4042861732101852
0.9205202999999998, 1.4682105066520392, 240349.2149533859, 349.3746567970045, 2.39700760872749
0.9218759999999999, 1.4711496611320072, 239336.33352470616, 348.9533543468693, 2.3897879090905123
0.9232316999999999, 1.4740717326424395, 238332.78123290703, 348.53467441375335, 2.3826260918535542
0.9245873999999998, 1.4769770048959234, 237338.3974511017, 348.1185756756684, 2.375521201980811
0.9259430999999999, 1.4798657535430892, 236353.02600626985, 347.70501795548023, 2.3684723107572845
0.9272987999999999, 1.4827382464927374, 235376.5150055424, 347.2939621758637, 2.361478514760847
0.9286544999999999, 1.485594744217057, 234408.71667075233, 346.88537031634365, 2.354538934882754
0.9300101999999999, 1.4884355000411562, 233449.48718132987, 346.4792053725367, 2.3476527153977975
0.9313658999999999, 1.4912607604182022, 232498.68652491865, 346.07543131741045, 2.3408190230802504
0.9327215999999999, 1.4940707651910274, 231556.17835525554, 345.6740130644416, 2.3340370463628903
0.9340772999999999, 1.4968657478410234, 230621.82985687742, 345.2749164325559, 2.3273059945364993
0.9354329999999998, 1.4996459357250604, 229695.5116162624, 344.8781081127495, 2.3206250969875217
0.9367886999999999, 1.5024115503011346, 228777.09749902814, 344.48355563629025, 2.3139936024716223
0.9381443999999999, 1.50516280734338, 227866.46453284714, 344.0912273444124, 2.3074107784211484
0.9395000999999998, 1.5078999171470753, 226963.49279574637, 343.701092359415, 2.3008759102844976
0.9408557999999999, 1.510623084724196, 226068.06530949505, 343.31312055708725, 2.2943883008956445
0.9422114999999999, 1.5133325099900286, 225180.06793780177, 342.9272825403889, 2.287947269872178
0.9435671999999998, 1.5160283879413647, 224299.3892890477, 342.543549614312, 2.2815521530402125
0.9449228999999999, 1.518710908826734, 223425.92062331343, 342.16189376186173, 2.275202301884735
0.9462785999999999, 1.5213802583090803, 222559.55576347385, 341.78228762109717, 2.2688970830240693
0.9476342999999999, 1.5240366176213211, 221700.19101013528, 341.4047044631724, 2.2626358777070905
0.9489899999999999, 1.5266801637151581, 220847.72506021496, 341.02911817132514, 2.256418081332017
0.9503456999999998, 1.5293110694031435, 220002.05892908527, 340.65550322081424, 2.250243102986468
0.9517013999999999, 1.531929503496038, 219163.09587555667, 340.28383465951543, 2.244110365003737
0.9530570999999999, 1.5345356309321356, 218330.7413307028, 339.9140880896504, 2.238019302542828
0.9544127999999998, 1.5371296129031176, 217504.9028289944, 339.54623965000053, 2.231969363181282
0.9557684999999999, 1.5397116069738483, 216685.4899425185, 339.1802659989728, 2.2259600065266643
0.9571241999999999, 1.5422817671973996, 215872.41421781064, 338.81614429833763, 2.2199907038434556
0.9584798999999998, 1.544840244225417, 215065.5891152122, 338.4538521976203, 2.214060937694884
0.9598355999999999, 1.5473871854140273, 214264.92995063882, 338.0933678191202, 2.2081702015990303
0.9611912999999999, 1.549922734925529, 213470.35383963535, 337.73466974352306, 2.202317999698476
0.9625469999999999, 1.5524470338260585, 212681.7796436119, 337.3777369960789, 2.1965038464428432
0.9639026999999999, 1.5549602201794173, 211899.12791815936, 337.02254903332107, 2.190727266283662
0.9652583999999998, 1.557462429137274, 211122.32086333496, 336.66908573029366, 2.1849877933808726
0.9666140999999999, 1.559953793025871, 210351.28227584256, 336.317327368273, 2.179284971320551
0.9679697999999999, 1.5624344414294309, 209585.93750300445, 335.9672546229515, 2.173618352843233
0.9693254999999998, 1.5649045012704006, 208826.21339845363, 335.61884855306823, 2.167987499582413
0.9706811999999999, 1.5673640968866873, 208072.03827945926, 335.2720905894625, 2.1623919818126986
0.9720368999999999, 1.5698133501060108, 207323.34188581936, 334.9269625245333, 2.1568313782072446
0.9733925999999998, 1.5722523803175186, 206580.055340244, 334.5834465020841, 2.1513052756039945
0.9747482999999999, 1.5746813045407704, 205842.1111101692, 334.2415250075392, 2.1458132687803855
0.9761039999999999, 1.5771002374922338, 205109.4429709287, 333.9011808585094, 2.140354960236077
0.9774596999999999, 1.5795092916493578, 204381.9859702389, 333.5623971956996, 2.1349299599834533
0.9788153999999999, 1.581908577312386, 203659.6763939241, 333.2251574741352, 2.1295378853454463
0.9801710999999999, 1.5842982026639567, 202942.45173284106, 332.8894454546996, 2.124178360760458
0.9815267999999999, 1.586678273826621, 202230.25065094436, 332.55524519596617, 2.11885101759402
0.9828824999999999, 1.5890488949183454, 201523.01295444916, 332.2225410463134, 2.11355549395694
0.9842381999999998, 1.5914101681060973, 200820.67956204124, 331.8913176363112, 2.10829143452964
0.9855938999999999, 1.5937621936575939, 200123.1924760917, 331.5615598713657, 2.103058490392426
0.9869495999999999, 1.5961050699912758, 199430.49475483986, 331.23325292461476, 2.097856318861484
0.9883052999999998, 1.598438893724604, 198742.5304854949, 330.9063822300597, 2.092684583330299
0.9896609999999999, 1.6007637597207298, 198059.2447582272, 330.58093347592694, 2.0875429531163308
0.9910166999999999, 1.6030797611335994, 197380.58364101395, 330.25689259825043, 2.082431103312746
0.9923723999999998, 1.6053869894515933, 196706.49415529237, 329.9342457746607, 2.077348714644898
0.9937280999999999, 1.6076855345397063, 196036.9242524075, 329.6129794183803, 2.0722954733315238
0.9950837999999999, 1.6099754846803662, 195371.8227908077, 329.2930801724109, 2.067271070950341
0.9964394999999999, 1.6122569266129372, 194711.1395139636, 328.9745349039068, 2.0622752043079218
0.9977951999999999, 1.6145299455720716, 194054.82502894942, 328.6573306987107, 2.0573075753134145
0.9991508999999998, 1.6167946253242382, 193402.8307858672, 328.3414548561467, 2.052367890857541
1.0005065999999998, 1.6190510482042493, 192755.1090575765, 328.02689488381435, 2.0474558626928263
1.0018623, 1.6212992951495373, 192111.6129203679, 327.71363849270034, 2.0425712073199453
1.003218, 1.6235394457338927, 191472.29623507438, 327.4016735923656, 2.0377136458763916
1.0045737, 1.6257715782000504, 190837.1136287876, 327.0909882862966, 2.032882904028766
1.0059293999999999, 1.627995769491277, 190206.02047712464, 326.78157086739634, 2.0280787118683175
1.0072850999999998, 1.6302120952819887, 189578.9728870274, 326.47340981361384, 2.0233008038096227
1.0086407999999998, 1.6324206300074482, 188955.92768007153, 326.16649378370295, 2.018548918492274
1.0099965, 1.6346214468925615, 188336.8423762697, 325.86081161310864, 2.013822798685482
1.0113522, 1.636814617979808, 187721.6751783515, 325.5563523099764, 2.009122191195495
1.0127078999999999, 1.639000214156352, 187110.38495649837, 325.2531050512768, 2.0044468467756964
1.0140635999999998, 1.641178305180347, 186502.9312335222, 324.95105917904493, 1.9997965200393213
1.0154192999999998, 1.6433489597064634, 185899.27417047045, 324.65020419672925, 1.995170969374691
1.0167749999999998, 1.6455122453106834, 185299.3745526408, 324.3505297656445, 1.9905699568628594
1.0181307, 1.6476682285143724, 184703.1937759922, 324.0520257015268, 1.9859932481975981
1.0194864, 1.649816974807651, 184110.69383394267, 323.75468197118835, 1.981440612607665
1.0208420999999999, 1.6519585486721176, 183521.83730452956, 323.4584886892633, 1.9769118227812015
1.0221977999999998, 1.6540930136029057, 182936.58733793406, 323.16343611504874, 1.9724066547922874
1.0235534999999998, 1.6562204321301353, 182354.90764434508, 322.869514649431, 1.967924888029489
1.0249092, 1.6583408658397498, 181776.7624821593, 322.57671483189904, 1.963466305126393
1.0262649, 1.6604543753937813, 181202.1166465022, 322.28502733763935, 1.9590306918940306
1.0276205999999999, 1.6625610205500554, 180630.93545805832, 321.99444297470984, 1.9546178372551215
1.0289762999999998, 1.6646608601813493, 180063.18475220443, 321.70495268129133, 1.9502275331801073
1.0303319999999998, 1.6667539522940233, 179498.83086843442, 321.416547523014, 1.9458595746249066
1.0316876999999998, 1.6688403540461612, 178937.84064006063, 321.12921869035347, 1.9415137594702851
1.0330434, 1.670920121765203, 178380.18138419263, 320.8429574960985, 1.937189888462879
1.0343991, 1.6729933109651152, 177825.82089197566, 320.5577553728848, 1.9328877651577336
1.0357547999999999, 1.6750599763631009, 177274.72741908548, 320.273603870794, 1.92860719586236
1.0371104999999998, 1.6771201718958666, 176726.8696764688, 319.9904946550155, 1.9243479895822355
1.0384661999999998, 1.6791739507354604, 176182.2168213225, 319.7084195035692, 1.9201099579677114
1.0398219, 1.6812213653046921, 175640.73844830578, 319.42737030508795, 1.9158929152622914
1.0411776, 1.6832624672921626, 175102.40458097227, 319.1473390566548, 1.9116966782522093
1.0425332999999999, 1.6852973076668873, 174567.18566342373, 318.86831786169864, 1.9075210662173052
1.0438889999999998, 1.6873259366925608, 174035.05255216968, 318.59029892794035, 1.90336590088312
1.0452446999999998, 1.6893484039414455, 173505.9765081931, 318.3132745653928, 1.8992310063741997
1.0466003999999998, 1.691364758307905, 172979.92918921393, 318.0372371844109, 1.8951162091685683
1.0479561, 1.6933750480216114, 172456.88264214044, 317.7621792937887, 1.8910213380532992
1.0493118, 1.695379320660399, 171936.80929571053, 317.4880934989057, 1.8869462240812143
1.0506674999999999, 1.6973776231628122, 171419.68195331012, 317.214972499918, 1.8828907005286182
1.0520231999999998, 1.6993700018403377, 170905.473785966, 316.94280908999326, 1.8788546028540616
1.0533788999999998, 1.7013565023893273, 170394.15832551057, 316.67159615359043, 1.8748377686581175
1.0547346, 1.7033371699026392, 169885.70945790742, 316.40132666477905, 1.8708400376441026
1.0560903, 1.7053120488809859, 169380.10141673882, 316.13199368560055, 1.866861251579752
1.0574459999999999, 1.7072811832440118, 168877.30877684627, 315.8635903644683, 1.8629012542597936
1.0588016999999998, 1.7092446163410981, 168377.30644812272, 315.59610993460575, 1.858959891469416
1.0601573999999998, 1.7112023909619103, 167880.06966945043, 315.32954571252236, 1.8550370109485954
1.0615130999999998, 1.7131545493466973, 167385.5740027784, 315.0638910965237, 1.851132462357237
1.0628688, 1.7151011331963384, 166893.79532734075, 314.7991395652586, 1.847246097241153
1.0642245, 1.7170421836821554, 166404.70983400661, 314.5352846762989, 1.8433777689988122
1.0655801999999999, 1.7189777414554999, 165918.2940197591, 314.2723200647516, 1.8395273328488435
1.0669358999999998, 1.7209078466571055, 165434.5246823031, 314.0102394419051, 1.8356946457983045
1.0682915999999998, 1.7228325389262333, 164953.37891479337, 313.74903659390395, 1.8318795666116539
1.0696473, 1.7247518574095952, 164474.8341006831, 313.4887053804557, 1.8280819557804329
1.071003, 1.7266658407700795, 163998.8679086882, 313.22923973356643, 1.824301675493629
1.0723586999999999, 1.728574527195273, 163525.45828786376, 312.9706336563045, 1.8205385896086943
1.0737143999999998, 1.7304779544057936, 163054.5834627897, 312.71288122159217, 1.8167925636232118
1.0750700999999998, 1.7323761596634233, 162586.22192886574, 312.45597657102513, 1.8130634646472026
1.0764257999999998, 1.7342691797790724, 162120.35244770543, 312.1999139137163, 1.8093511613760112
1.0777815, 1.7361570511205509, 161656.95404263615, 311.9446875251674, 1.8056555240638232
1.0791372, 1.7380398096201766, 161196.0059942934, 311.6902917461638, 1.801976424497727
1.0804928999999999, 1.739917490782211, 160737.48783631192, 311.43672098169344, 1.7983137359723504
1.0818485999999998, 1.7417901296901255, 160281.37935111148, 311.183969699891, 1.7946673332650567
1.0832042999999998, 1.7436577610137203, 159827.66056576933, 310.9320324310022, 1.7910370926116388
1.08456, 1.7455204190160734, 159376.3117479853, 310.6809037663732, 1.787422891682572
1.0859157, 1.7473781375603472, 158927.3134021292, 310.43057835745924, 1.7838246095597419
1.0872713999999999, 1.749230950116447, 158480.64626537333, 310.1810509148562, 1.780242126713672
1.0886270999999998, 1.751078889767533, 158036.29130390642, 309.93231620735133, 1.7766753249812355
1.0899827999999998, 1.7529219892163932, 157594.22970922667, 309.68436906099515, 1.7731240875438274
1.0913384999999998, 1.7547602807916838, 157154.44289451148, 309.43720435819176, 1.7695882989059881
1.0926942, 1.756593796454031, 156716.91249106365, 309.19081703680905, 1.7660678448744782
1.0940499, 1.7584225678020107, 156281.62034482977, 308.94520208930663, 1.7625626125377754
1.0954055999999999, 1.7602466260779952, 155848.5485129911, 308.70035456188253, 1.7590724902459987
1.0967612999999998, 1.7620660021738879, 155417.67926062256, 308.45626955363645, 1.7555973675912293
1.0981169999999998, 1.763880726636722, 154988.9950574227, 308.2129422157516, 1.7521371353882582
1.0994727, 1.7656908296741631, 154562.47857450557, 307.9703677506912, 1.7486916856556827
1.1008284, 1.7674963411598823, 154138.1126812616, 307.72854141141363, 1.7452609115974216
1.1021840999999999, 1.7692972906388265, 153715.8804422782, 307.48745850060106, 1.7418447075845735
1.1035397999999998, 1.7710937073323783, 153295.7651143241, 307.2471143699058, 1.7384429691376544
1.1048954999999998, 1.772885620143416, 152877.75014339082, 307.00750441920894, 1.7350555929091644
1.1062511999999998, 1.7746730576612633, 152461.8191617964, 306.7686240958971, 1.7316824766665289
1.1076069, 1.7764560481665406, 152047.9559853435, 306.5304688941511, 1.728323519275352
1.1089626, 1.778234619635931, 151636.1446105324, 306.29303435424845, 1.724978620682993
1.1103182999999999, 1.7800087997468306, 151226.36921183224, 306.0563160618817, 1.721647681902491
1.1116739999999998, 1.7817786158819242, 150818.61413900057, 305.8203096474877, 1.7183306049967668
1.1130296999999998, 1.783544095133661, 150412.8639144583, 305.58501078559146, 1.7150272930631512
1.1143854, 1.7853052643086462, 150009.10323071302, 305.3504151941617, 1.711737650218201
1.1157411, 1.7870621499319435, 149607.31694783273, 305.1165186339796, 1.7084615815828064
1.1170968, 1.7888147782512958, 149207.49009096736, 304.883316908019, 1.7051989932675826
1.1184524999999998, 1.7905631752412619, 148809.60784791762, 304.65080586083894, 1.7019497923585392
1.1198081999999998, 1.7923073666072775, 148413.65556674893, 304.4189813779868, 1.6987138869030092
1.1211638999999998, 1.79404737778963, 148019.61875345217, 304.18783938541446, 1.6954911858958626
1.1225196, 1.7957832339673676, 147627.48306964542, 303.9573758489031, 1.6922815992659488
1.1238753, 1.7975149600621239, 147237.23433032125, 303.7275867735008, 1.6890850378628168
1.1252309999999999, 1.799242580741875, 146848.85850163427, 303.4984682029694, 1.6859014134436667
1.1265866999999998, 1.8009661204247926, 146462.34169869294, 303.27001621922017, 1.6827306386602394
1.1279423999999998, 1.8026856032822092, 146077.67018357367, 303.04222694186717, 1.6795726270474394
1.1292980999999997, 1.8044010532431145, 145694.83036301614, 302.8150965275788, 1.6764272930092483
1.1306538, 1.80611249399702, 145313.80878650822, 302.5886211696469, 1.6732945518077484
1.1320095, 1.8078199489975242, 144934.59214423544, 302.36279709746253, 1.6701743195509455
1.1333651999999999, 1.809523441465672, 144557.1672651003, 302.1376205760211, 1.6670665131810805
1.1347208999999998, 1.8112229943932394, 144181.52111477905, 301.9130879054374, 1.6639710504631666
1.1360765999999998, 1.8129186305459695, 143807.64079381115, 301.6891954204678, 1.6608878499737099
1.1374323, 1.8146103724667397, 143435.51353572533, 301.4659394900426, 1.6578168310896542
1.138788, 1.8162982424786798, 143065.1267051964, 301.2433165168055, 1.6547579139774966
1.1401436999999999, 1.8179822626882298, 142696.46779623636, 301.02132293666136, 1.6517110195826135
1.1414993999999998, 1.8196624549881388, 142329.5244304175, 300.79995521833297, 1.6486760696187674
1.1428550999999998, 1.8213388410604177, 141964.2843551256, 300.5792098629241, 1.6456529865577945
1.1442107999999998, 1.8230114423792299, 141600.73544184555, 300.3590834034919, 1.642641693619484
1.1455665, 1.8246802802137423, 141238.86568447397, 300.139572404625, 1.6396421147616065
1.1469222, 1.8263453756309103, 140878.66319766504, 299.92067346203055, 1.6366541746701522
1.1482778999999999, 1.828006749498231, 140520.11621520063, 299.70238320212667, 1.6336777987496975
1.1496335999999998, 1.8296644224864298, 140163.2130883928, 299.48469828164417, 1.6307129131139728
1.1509892999999998, 1.8313184150721158, 139807.9422845102, 299.2676153872329, 1.6277594445765624
1.152345, 1.8329687475403824, 139454.29238523266, 299.0511312350757, 1.6248173206417738
1.1537007, 1.8346154399873604, 139102.25208513363, 298.83524257050976, 1.6218864694956714
1.1550563999999999, 1.8362585123227344, 138751.81019018556, 298.619946167653, 1.6189668199972422
1.1564120999999998, 1.8378979842722114, 138402.95561629222, 298.40523882903716, 1.6160583016697216
1.1577677999999998, 1.8395338753799466, 138055.6773878459, 298.19111738524794, 1.6131608446920636
1.1591234999999998, 1.841166205010928, 137709.96463630782, 297.97757869457, 1.6102743798905481
1.1604792, 1.8427949923533218, 137365.80659881272, 297.7646196426384, 1.6073988387305325
1.1618349, 1.8444202564207777, 137023.19261679673, 297.55223714209563, 1.6045341533083355
1.1631905999999999, 1.846042016054692, 136682.1121346481, 297.3404281322549, 1.6016802563432577
1.1645462999999998, 1.847660289926437, 136342.55469837945, 297.12918957876786, 1.5988370811697283
1.1659019999999998, 1.8492750965395497, 136004.50995432312, 296.91851847329923, 1.5960045617295886
1.1672577, 1.8508864542318864, 135667.96764784647, 296.7084118332052, 1.5931826325644893
1.1686134, 1.8524943811777383, 135332.91762208924, 296.4988667012181, 1.590371228808422
1.1699690999999999, 1.854098895389915, 134999.349816721, 296.2898801451361, 1.5875702861803618
1.1713247999999998, 1.8557000147217917, 134667.25426671855, 296.08144925751725, 1.5847797409770372
1.1726804999999998, 1.8572977568693252, 134336.62110116304, 295.87357115537895, 1.5819995300658032
1.1740361999999998, 1.8588921393730307, 134007.44054205753, 295.6662429799026, 1.5792295908776475
1.1753919, 1.8604831796199344, 133679.70290316167, 295.4594618961421, 1.5764698614002859
1.1767476, 1.8620708948454867, 133353.3985888465, 295.2532250927377, 1.5737202801713834
1.1781032999999999, 1.8636553021354532, 133028.51809296611, 295.0475297816334, 1.5709807862718712
1.1794589999999998, 1.8652364184277637, 132705.05199774902, 294.8423731978005, 1.568251319319379
1.1808146999999998, 1.866814260514343, 132382.99097270498, 294.63775259896374, 1.5655318194617605
1.1821704, 1.8683888450429018, 132062.32577355037, 294.43366526533276, 1.562822227370723
1.1835261, 1.8699601885187087, 131743.04724115026, 294.2301084993373, 1.560122484235565
1.1848817999999999, 1.8715283073063276, 131425.14630047596, 294.0270796253665, 1.55743253175699
1.1862374999999998, 1.8730932176313275, 131108.61395958034, 293.824575989513, 1.5547523121410372
1.1875931999999998, 1.8746549355819702, 130793.44130858804, 293.62259495931966, 1.5520817680930956
1.1889488999999998, 1.8762134771108658, 130479.61951870123, 293.4211339235311, 1.549420842812007
1.1903046, 1.8777688580366063, 130167.13984122135, 293.2201902918491, 1.546769479984266
1.1916603, 1.8793210940453713, 129855.99360658495, 293.0197614946909, 1.5441276237783004
1.1930159999999999, 1.8808702006925064, 129546.17222341604, 292.8198449829526, 1.541495218838853
1.1943716999999998, 1.8824161934040884, 129237.66717758929, 292.6204382277738, 1.538872210281419
1.1957273999999998, 1.8839590874784495, 128930.47003131194, 292.4215387203084, 1.5362585436868021
1.1970831, 1.8854988980876886, 128624.57242221682, 292.2231439714977, 1.533654165095732
1.1984388, 1.8870356402791604, 128319.96606246899, 292.0252515118459, 1.5310590210035602
1.1997944999999999, 1.8885693289769345, 128016.64273788735, 291.82785889120106, 1.5284730583550459
1.2011501999999998, 1.890099978983241, 127714.59430707767, 291.63096367853694, 1.525896224539209
1.2025058999999998, 1.8916276049798835, 127413.8127005801, 291.43456346174025, 1.523328467384268
1.2038615999999998, 1.8931522215296424, 127114.28992002842, 291.2386558473997, 1.5207697351526466
1.2052173, 1.8946738430776475, 126816.0180373216, 291.0432384605982, 1.5182199765360511
1.206573, 1.8961924839527349, 126518.98919380875, 290.8483089447091, 1.5156791406506316
1.2079286999999999, 1.8977081583687812, 126223.19559948512, 290.6538649611944, 1.5131471770322014
1.2092843999999998, 1.8992208804260222, 125928.62953219915, 290.4599041894057, 1.5106240356315253
1.2106400999999998, 1.9007306641123458, 125635.2833368731, 290.266424326389, 1.5081096668096872
1.2119958, 1.9022375233045696, 125343.14942473367, 290.073423086692, 1.5056040213335165
1.2133515, 1.9037414717696979, 125052.22027255408, 289.8808982021738, 1.5031070503710813
1.2147071999999999, 1.905242523166162, 124762.48842190714, 289.6888474218173, 1.5006187054872469
1.2160628999999998, 1.9067406910450417, 124473.94647842893, 289.49726851154486, 1.4981389386392936
1.2174185999999998, 1.908235988851266, 124186.58711109376, 289.3061592540362, 1.4956677021726075
1.2187742999999998, 1.909728429924802, 123900.40305149852, 289.11551744854864, 1.4932049488164196
1.22013, 1.9112180275018205, 123615.38709315796, 288.9253409107404, 1.4907506316796129
1.2214857, 1.9127047947158498, 123331.53209080972, 288.735627472496, 1.4883047042465838
1.2228413999999999, 1.9141887445989079, 123048.8309597297, 288.54637498175447, 1.4858671203731715
1.2241970999999998, 1.9156698900826232, 122767.27667505639, 288.35758130233955, 1.4834378342826293
1.2255527999999998, 1.9171482439993393, 122486.86227112435, 288.169244313792, 1.4810168005616573
1.2269085, 1.9186238190831943, 122207.58084080975, 287.9813619112057, 1.4786039741565067
1.2282642, 1.9200966279712002, 121929.42553488105, 287.7939320050641, 1.4761993103691073
1.2296198999999999, 1.9215666832042932, 121652.38956136216, 287.60695252108025, 1.4738027648532759
1.2309755999999998, 1.923033997228379, 121376.46618490265, 287.4204214000384, 1.4714142936109622
1.2323312999999998, 1.9244985823953564, 121101.64872615715, 287.234336597638, 1.4690338529885498
1.2336869999999998, 1.9259604509641315, 120827.9305611735, 287.0486960843398, 1.466661399673207
1.2350427, 1.9274196151016116, 120555.30512078953, 286.86349784521417, 1.4642968906892933
1.2363984, 1.928876086883695, 120283.76589003742, 286.6787398797911, 1.4619402833948032
1.2377540999999999, 1.9303298782962361, 120013.30640755671, 286.4944202019126, 1.4595915354778672
1.2391097999999998, 1.931781001236006, 119743.92026501545, 286.31053683958675, 1.4572506049532974
1.2404654999999998, 1.9332294675116328, 119475.60110653912, 286.1270878348443, 1.4549174501591797
1.2418211999999997, 1.9346752888445344, 119208.34262814716, 285.94407124359645, 1.452592029753511
1.2431769, 1.936118476869836, 118942.13857719695, 285.7614851354948, 1.4502743027108793
1.2445325999999999, 1.9375590431372731, 118676.98275183653, 285.5793275937938, 1.4479642283191985
1.2458882999999998, 1.9389969991120866, 118412.8690004627, 285.39759671521364, 1.4456617661764684
1.2472439999999998, 1.9404323561759038, 118149.7912211879, 285.2162906098064, 1.4433668761875926
1.2485996999999998, 1.9418651256276047, 117887.743361314, 285.03540740082303, 1.4410795185612355
1.2499554, 1.9432953186841833, 117626.7194168123, 284.85494522458225, 1.438799653806712
1.2513111, 1.9447229464815858, 117366.71343181192, 284.6749022303418, 1.4365272427309348
1.2526667999999999, 1.9461480200755523, 117107.71949809337, 284.4952765801702, 1.4342622464353818
1.2540224999999998, 1.947570550442437, 116849.73175458943, 284.3160664488209, 1.4320046263131154
1.2553781999999998, 1.9489905484800163, 116592.7443868938, 284.1372700236088, 1.4297543440458425
1.2567338999999997, 1.9504080250082965, 116336.75162677385, 283.95888550428623, 1.4275113616010007
1.2580896, 1.9518229907702986, 116081.74775169214, 283.78091110292314, 1.425275641228896
1.2594452999999999, 1.9532354564328427, 115827.72708433217, 283.6033450437863, 1.4230471454598648
1.2608009999999998, 1.9546454325873135, 115574.68399213212, 283.4261855632223, 1.4208258371014824
1.2621566999999998, 1.956052929750425, 115322.61288682304, 283.2494309095403, 1.418611679235799
1.2635123999999998, 1.9574579583649643, 115071.50822397445, 283.07307934289736, 1.4164046352166209
1.2648681, 1.9588605288005367, 114821.36450254462, 282.89712913518457, 1.4142046686668146
1.2662238, 1.960260651354292, 114572.17626443748, 282.72157856991527, 1.4120117434756536
1.2675794999999999, 1.9616583362516475, 114323.93809406484, 282.54642594211373, 1.409825823796197
1.2689351999999998, 1.963053593646999, 114076.64461791409, 282.37166955820635, 1.4076468740426953
1.2702908999999998, 1.9644464336244223, 113830.29050412204, 282.1973077359132, 1.4054748588880415
1.2716465999999997, 1.9658368661983678, 113584.87046205312, 282.02333880414153, 1.4033097432612371
1.2730023, 1.9672249013143428, 113340.37924188445, 281.8497611028806, 1.401151492344908
1.2743579999999999, 1.9686105488495884, 113096.81163419463, 281.67657298309746, 1.3990000715728355
1.2757136999999998, 1.9699938186137462, 112854.16246955859, 281.5037728066342, 1.3968554466275271
1.2770693999999998, 1.9713747203495164, 112612.42661814773, 281.3313589461065, 1.3947175834378194
1.2784250999999998, 1.9727532637333087, 112371.59898933387, 281.15932978480345, 1.3925864481764954
1.2797808, 1.9741294583758824, 112131.67453130022, 280.9876837165886, 1.390462007257957
1.2811365, 1.9755033138229827, 111892.64823065476, 280.81641914580194, 1.3883442273358966
1.2824921999999999, 1.9768748395559637, 111654.51511205063, 280.64553448716345, 1.3862330753010228
1.2838478999999998, 1.978244044992409, 111417.27023780964, 280.4750281656776, 1.3841285182787946
1.2852035999999998, 1.9796109394867398, 111180.90870755169, 280.3048986165392, 1.382030523627199
1.2865592999999997, 1.9809755323308194, 110945.42565782758, 280.13514428504004, 1.3799390589345417
1.287915, 1.9823378327545467, 110710.81626175737, 279.9657636264769, 1.377854092017274
1.2892706999999999, 1.9836978499264437, 110477.07572867275, 279.796755106061, 1.375775590917844
1.2906263999999998, 1.9850555929542404, 110244.19930376323, 279.6281171988274, 1.3737035239025668
1.2919820999999998, 1.986411070885441, 110012.18226772822, 279.459848389547, 1.371637859459534
1.2933377999999998, 1.987764292707896, 109781.01993643152, 279.2919471726383, 1.3695785662965345
1.2946935, 1.989115267350359, 109550.70766056121, 279.124412052081, 1.3675256133390072
1.2960492, 1.9904640036830408, 109321.24082529321, 278.95724154133035, 1.365478969728016
1.2974048999999999, 1.9918105105181532, 109092.61484995921, 278.7904341632322, 1.3634386048182532
1.2987605999999998, 1.99315479661045, 108864.82518771813, 278.62398844993965, 1.3614044881760572
1.3001162999999998, 1.9944968706577586, 108637.86732523206, 278.45790294283034, 1.3593765895774643
1.3014719999999997, 1.995836741301507, 108411.7367823457, 278.29217619242473, 1.3573548790062753
1.3028277, 1.997174417127244, 108186.42911176967, 278.126806758305, 1.3553393266521476
1.3041833999999999, 1.9985099066651513, 107961.9398987682, 277.9617932090358, 1.353329902908716
1.3055390999999998, 1.9998432183905523, 107738.26476084946, 277.7971341220851, 1.3513265783717203
1.3068947999999998, 2.001174360724414, 107515.3993474604, 277.63282808374584, 1.3493293238371693
1.3082504999999998, 2.002503342033841, 107293.33933968523, 277.4688736890595, 1.3473381102995219
1.3096062, 2.0038301706325674, 107072.08044994659, 277.3052695417393, 1.345352908949882
1.3109619, 2.0051548547814355, 106851.61842171189, 277.14201425409544, 1.3433736911742316
1.3123175999999999, 2.0064774026888834, 106631.9490292005, 276.97910644696, 1.3414004285516552
1.3136732999999998, 2.0077978225114066, 106413.06807709766, 276.81654474961374, 1.3394330928526221
1.3150289999999998, 2.0091161223540333, 106194.97140026864, 276.65432779971314, 1.3374716560372537
1.3163846999999997, 2.0104323102707813, 105977.65486347844, 276.4924542432184, 1.3355160902536334
1.3177404, 2.011746394265115, 105761.11436111384, 276.3309227343226, 1.3335663678361274
1.3190960999999999, 2.0130583822903976, 105545.3458169082, 276.16973193538075, 1.3316224613037209
1.3204517999999998, 2.0143682822503353, 105330.34518367071, 276.0088805168408, 1.3296843433583816
1.3218074999999998, 2.0156761019994187, 105116.10844301758, 275.84836715717444, 1.3277519868834358
1.3231631999999998, 2.0169818493433573, 104902.63160510705, 275.68819054280925, 1.3258253649419645
1.3245189, 2.0182855320395086, 104689.91070837725, 275.5283493680615, 1.3239044507752196
1.3258746, 2.019587157797307, 104477.9418192868, 275.3688423350694, 1.3219892178010528
1.3272302999999999, 2.02088673427868, 104266.72103205901, 275.2096681537277, 1.320079639612369
1.3285859999999998, 2.022184269098468, 104056.24446842789, 275.05082554162203, 1.3181756899755874
1.3299416999999998, 2.0234797698248332, 103846.50827738845, 274.89231322396495, 1.3162773428291314
1.3312973999999997, 2.0247732439796637, 103637.50863494904, 274.7341299335326, 1.3143845722819285
1.3326531, 2.02606469903898, 103429.24174388613, 274.576274410601, 1.3124973526119228
1.3340087999999999, 2.027354142433327, 103221.703833503, 274.4187454028845, 1.3106156582646173
1.3353644999999998, 2.028641581548172, 103014.8911593895, 274.26154166547354, 1.3087394638516126
1.3367201999999998, 2.029927023724289, 102808.8000031868, 274.10466196077454, 1.306868744149185
1.3380758999999998, 2.031210476258141, 102603.42667235255, 273.9481050584491, 1.3050034740968615
1.3394315999999997, 2.032491946402268, 102398.76749992937, 273.79186973535394, 1.3031436287960143
1.3407873, 2.0337714413656514, 102194.81884431715, 273.6359547754833, 1.3012891835084817
1.3421429999999999, 2.0350489683140935, 101991.57708904598, 273.4803589699093, 1.2994401136551879
1.3434986999999998, 2.0363245343705803, 101789.03864255288, 273.3250811167249, 1.29759639481479
1.3448543999999998, 2.0375981466156463, 101587.1999379605, 273.17012002098664, 1.2957580027223328
1.3462100999999997, 2.0388698120877313, 101386.05743285883, 273.01547449465835, 1.2939249132679262
1.3475658, 2.04013953778354, 101185.60760908789, 272.8611433565548, 1.2920971024954202
1.3489214999999999, 2.0414073306583873, 100985.84697252487, 272.70712543228683, 1.2902745466011172
1.3502771999999998, 2.04267319762655, 100786.77205287194, 272.5534195542067, 1.288457221932478
1.3516328999999998, 2.043937145561609, 100588.37940344695, 272.40002456135346, 1.2866451049868517
1.3529885999999998, 2.04519918129679, 100390.66560097672, 272.2469392993998, 1.2848381724102194
1.3543442999999997, 2.0464593116252936, 100193.62724539256, 272.09416262059943, 1.28303640099595
1.3557, 2.0477175433006387, 99997.26095962689, 271.9416933837335, 1.2812397676835618
